# Start of Property 1


# End of Property 1

# Start of Property 1
0.000000 -15.195000
0.000000 -15.167000
0.000000 -15.139000
0.000000 -15.112000
0.000000 -15.084000
0.000000 -15.056000
0.000000 -15.028000
0.000000 -15.001000
0.000000 -14.973000
0.000000 -14.945000
0.000000 -14.917000
0.000000 -14.889000
0.000000 -14.862000
0.000000 -14.834000
0.000000 -14.806000
0.000000 -14.778000
0.000000 -14.751000
0.000000 -14.723000
0.000000 -14.695000
0.000000 -14.667000
0.000000 -14.640000
0.000000 -14.612000
0.000000 -14.584000
0.000000 -14.556000
0.000000 -14.529000
0.000000 -14.501000
0.000000 -14.473000
0.000000 -14.445000
0.000000 -14.418000
0.000000 -14.390000
0.000000 -14.362000
0.000000 -14.334000
0.000000 -14.306000
0.000000 -14.279000
0.000000 -14.251000
0.000000 -14.223000
0.000000 -14.195000
0.000000 -14.168000
0.000000 -14.140000
0.000000 -14.112000
0.000000 -14.084000
0.000000 -14.057000
0.000000 -14.029000
0.000000 -14.001000
0.000000 -13.973000
0.000000 -13.946000
0.000000 -13.918000
0.000000 -13.890000
0.000000 -13.862000
0.000000 -13.834000
0.000000 -13.807000
0.000000 -13.779000
0.000000 -13.751000
0.000000 -13.723000
0.000000 -13.696000
0.000000 -13.668000
0.000000 -13.640000
0.000000 -13.612000
0.000000 -13.585000
0.000000 -13.557000
0.000000 -13.529000
0.000000 -13.501000
0.000000 -13.474000
0.000000 -13.446000
0.000000 -13.418000
0.000000 -13.390000
0.000000 -13.363000
0.000000 -13.335000
0.000000 -13.307000
0.000000 -13.279000
0.000000 -13.251000
0.000000 -13.224000
0.000000 -13.196000
0.426000 -13.168000
1.774000 -13.140000
3.613000 -13.113000
4.566000 -13.085000
5.480000 -13.057000
7.114000 -13.029000
9.104000 -13.002000
11.248000 -12.974000
20.898000 -12.946000
21.599000 -12.918000
24.514000 -12.891000
48.082000 -12.863000
54.361000 -12.835000
0.107000 -12.807000
0.000000 -12.779000
0.000000 -12.752000
0.000000 -12.724000
0.000000 -12.696000
0.000000 -12.668000
0.000000 -12.641000
0.000000 -12.613000
0.000000 -12.585000
0.000000 -12.557000
0.000000 -12.530000
0.000000 -12.502000
0.000000 -12.474000
0.000000 -12.446000
0.000000 -12.419000
0.000000 -12.391000
0.000000 -12.363000
0.000000 -12.335000
0.000000 -12.307000
0.000000 -12.280000
0.000000 -12.252000
0.000000 -12.224000
0.000000 -12.196000
0.000000 -12.169000
0.000000 -12.141000
0.000000 -12.113000
0.000000 -12.085000
0.000000 -12.058000
0.000000 -12.030000
0.000000 -12.002000
0.000000 -11.974000
0.000000 -11.947000
0.000000 -11.919000
0.000000 -11.891000
0.000000 -11.863000
0.000000 -11.836000
0.000000 -11.808000
0.000000 -11.780000
0.000000 -11.752000
0.000000 -11.724000
0.000000 -11.697000
0.000000 -11.669000
0.000000 -11.641000
0.000000 -11.613000
0.000000 -11.586000
0.000000 -11.558000
0.000000 -11.530000
0.000000 -11.502000
0.000000 -11.475000
0.000000 -11.447000
0.000000 -11.419000
0.000000 -11.391000
0.000000 -11.364000
0.000000 -11.336000
0.000000 -11.308000
0.000000 -11.280000
0.000000 -11.252000
0.000000 -11.225000
0.000000 -11.197000
0.000000 -11.169000
0.000000 -11.141000
0.000000 -11.114000
0.000000 -11.086000
0.000000 -11.058000
0.000000 -11.030000
0.000000 -11.003000
0.000000 -10.975000
0.000000 -10.947000
0.000000 -10.919000
0.000000 -10.892000
0.000000 -10.864000
0.000000 -10.836000
0.000000 -10.808000
0.000000 -10.781000
0.000000 -10.753000
0.000000 -10.725000
0.000000 -10.697000
0.000000 -10.669000
0.000000 -10.642000
0.000000 -10.614000
0.000000 -10.586000
0.000000 -10.558000
0.000000 -10.531000
0.000000 -10.503000
0.000000 -10.475000
0.000000 -10.447000
0.000000 -10.420000
0.000000 -10.392000
0.000000 -10.364000
0.000000 -10.336000
0.000000 -10.309000
0.000000 -10.281000
0.000000 -10.253000
0.000000 -10.225000
0.000000 -10.197000
0.000000 -10.170000
0.000000 -10.142000
0.000000 -10.114000
0.000000 -10.086000
0.000000 -10.059000
0.000000 -10.031000
0.000000 -10.003000
0.000000 -9.975000
0.000000 -9.948000
0.000000 -9.920000
0.000000 -9.892000
0.000000 -9.864000
0.000000 -9.837000
0.000000 -9.809000
0.000000 -9.781000
0.000000 -9.753000
0.000000 -9.725000
0.000000 -9.698000
0.000000 -9.670000
0.000000 -9.642000
0.000000 -9.614000
0.000000 -9.587000
0.000000 -9.559000
0.000000 -9.531000
0.000000 -9.503000
0.000000 -9.476000
0.000000 -9.448000
0.000000 -9.420000
0.000000 -9.392000
0.000000 -9.365000
0.000000 -9.337000
0.000000 -9.309000
0.000000 -9.281000
0.000000 -9.254000
0.000000 -9.226000
0.000000 -9.198000
0.000000 -9.170000
0.000000 -9.142000
0.000000 -9.115000
0.000000 -9.087000
0.000000 -9.059000
0.000000 -9.031000
0.000000 -9.004000
0.000000 -8.976000
0.000000 -8.948000
0.000000 -8.920000
0.000000 -8.893000
0.000000 -8.865000
0.000000 -8.837000
0.000000 -8.809000
0.000000 -8.782000
0.000000 -8.754000
0.000000 -8.726000
0.000000 -8.698000
0.000000 -8.670000
0.000000 -8.643000
0.000000 -8.615000
0.000000 -8.587000
0.000000 -8.559000
0.000000 -8.532000
0.000000 -8.504000
0.000000 -8.476000
0.000000 -8.448000
0.000000 -8.421000
0.000000 -8.393000
0.000000 -8.365000
0.000000 -8.337000
0.000000 -8.310000
0.000000 -8.282000
0.000000 -8.254000
0.000000 -8.226000
0.000000 -8.199000
0.000000 -8.171000
0.000000 -8.143000
0.000000 -8.115000
0.000000 -8.087000
0.000000 -8.060000
0.000000 -8.032000
0.000000 -8.004000
0.000000 -7.976000
0.000000 -7.949000
0.000000 -7.921000
0.000000 -7.893000
0.000000 -7.865000
0.000000 -7.838000
0.000000 -7.810000
0.000000 -7.782000
0.000000 -7.754000
0.000000 -7.727000
0.000000 -7.699000
0.000000 -7.671000
0.000000 -7.643000
0.000000 -7.615000
0.000000 -7.588000
0.000000 -7.560000
0.000000 -7.532000
0.000000 -7.504000
0.000000 -7.477000
0.000000 -7.449000
0.000000 -7.421000
0.000000 -7.393000
0.000000 -7.366000
0.000000 -7.338000
0.000000 -7.310000
0.000000 -7.282000
0.000000 -7.255000
0.000000 -7.227000
0.000000 -7.199000
0.000000 -7.171000
0.000000 -7.143000
0.000000 -7.116000
0.000000 -7.088000
0.000000 -7.060000
0.000000 -7.032000
0.000000 -7.005000
0.000000 -6.977000
0.000000 -6.949000
0.000000 -6.921000
0.000000 -6.894000
0.000000 -6.866000
0.000000 -6.838000
0.000000 -6.810000
0.000000 -6.783000
0.000000 -6.755000
0.000000 -6.727000
0.000000 -6.699000
0.000000 -6.672000
0.000000 -6.644000
0.000000 -6.616000
0.000000 -6.588000
0.000000 -6.560000
0.000000 -6.533000
0.000000 -6.505000
0.000000 -6.477000
0.000000 -6.449000
0.000000 -6.422000
0.000000 -6.394000
0.000000 -6.366000
0.000000 -6.338000
0.000000 -6.311000
0.000000 -6.283000
0.000000 -6.255000
0.000000 -6.227000
0.000000 -6.200000
0.000000 -6.172000
0.000000 -6.144000
0.000000 -6.116000
0.000000 -6.088000
0.000000 -6.061000
0.000000 -6.033000
0.000000 -6.005000
0.000000 -5.977000
0.000000 -5.950000
0.000000 -5.922000
0.000000 -5.894000
0.000000 -5.866000
0.000000 -5.839000
0.000000 -5.811000
0.000000 -5.783000
0.000000 -5.755000
0.000000 -5.728000
0.000000 -5.700000
0.000000 -5.672000
0.000000 -5.644000
0.000000 -5.617000
0.000000 -5.589000
0.000000 -5.561000
0.000000 -5.533000
0.000000 -5.505000
0.000000 -5.478000
0.000000 -5.450000
0.000000 -5.422000
0.000000 -5.394000
0.000000 -5.367000
0.000000 -5.339000
0.000000 -5.311000
0.000000 -5.283000
0.000000 -5.256000
0.000000 -5.228000
0.000000 -5.200000
0.000000 -5.172000
0.000000 -5.145000
0.000000 -5.117000
0.000000 -5.089000
0.000000 -5.061000
0.000000 -5.033000
0.000000 -5.006000
0.000000 -4.978000
0.000000 -4.950000
0.000000 -4.922000
0.000000 -4.895000
0.000000 -4.867000
0.000000 -4.839000
0.000000 -4.811000
0.000000 -4.784000
0.000000 -4.756000
0.000000 -4.728000
0.000000 -4.700000
0.000000 -4.673000
0.000000 -4.645000
0.000000 -4.617000
0.000000 -4.589000
0.000000 -4.561000
0.000000 -4.534000
0.000000 -4.506000
0.000000 -4.478000
0.000000 -4.450000
0.000000 -4.423000
0.000000 -4.395000
0.000000 -4.367000
0.000000 -4.339000
0.000000 -4.312000
0.000000 -4.284000
0.000000 -4.256000
0.000000 -4.228000
0.000000 -4.201000
0.000000 -4.173000
0.000000 -4.145000
0.000000 -4.117000
0.000000 -4.090000
0.000000 -4.062000
0.000000 -4.034000
0.000000 -4.006000
0.000000 -3.978000
0.000000 -3.951000
0.000000 -3.923000
0.000000 -3.895000
0.000000 -3.867000
0.000000 -3.840000
0.000000 -3.812000
0.000000 -3.784000
0.000000 -3.756000
0.000000 -3.729000
0.000000 -3.701000
0.000000 -3.673000
0.000000 -3.645000
0.000000 -3.618000
0.000000 -3.590000
0.000000 -3.562000
0.000000 -3.534000
0.000000 -3.506000
0.000000 -3.479000
0.000000 -3.451000
0.000000 -3.423000
0.000000 -3.395000
0.000000 -3.368000
0.000000 -3.340000
0.000000 -3.312000
0.000000 -3.284000
0.000000 -3.257000
0.000000 -3.229000
0.000000 -3.201000
0.000000 -3.173000
0.000000 -3.146000
0.000000 -3.118000
0.000000 -3.090000
0.000000 -3.062000
0.000000 -3.035000
0.000000 -3.007000
0.000000 -2.979000
0.000000 -2.951000
0.000000 -2.923000
0.000000 -2.896000
0.000000 -2.868000
0.000000 -2.840000
0.000000 -2.812000
0.000000 -2.785000
0.000000 -2.757000
0.000000 -2.729000
0.000000 -2.701000
0.000000 -2.674000
0.000000 -2.646000
0.000000 -2.618000
0.000000 -2.590000
0.000000 -2.563000
0.000000 -2.535000
0.000000 -2.507000
0.000000 -2.479000
0.002000 -2.451000
0.062000 -2.424000
0.200000 -2.396000
0.416000 -2.368000
0.710000 -2.340000
1.082000 -2.313000
1.533000 -2.285000
2.509000 -2.257000
3.507000 -2.229000
4.284000 -2.202000
5.167000 -2.174000
6.747000 -2.146000
9.092000 -2.118000
11.995000 -2.091000
15.412000 -2.063000
13.535000 -2.035000
12.359000 -2.007000
10.299000 -1.979000
7.996000 -1.952000
6.336000 -1.924000
5.495000 -1.896000
4.723000 -1.868000
4.022000 -1.841000
3.392000 -1.813000
2.832000 -1.785000
2.697000 -1.757000
2.514000 -1.730000
2.312000 -1.702000
2.098000 -1.674000
1.437000 -1.646000
1.799000 -1.619000
2.525000 -1.591000
3.107000 -1.563000
3.673000 -1.535000
4.224000 -1.508000
4.759000 -1.480000
5.279000 -1.452000
5.785000 -1.424000
6.273000 -1.396000
6.746000 -1.369000
7.205000 -1.341000
13.000000 -1.313000
8.471000 -1.285000
10.366000 -1.258000
13.360000 -1.230000
8.471000 -1.202000
7.085000 -1.174000
6.841000 -1.147000
7.827000 -1.119000
10.107000 -1.091000
16.800000 -1.063000
19.203000 -1.036000
24.943000 -1.008000
23.020000 -0.980000
14.370000 -0.952000
12.011000 -0.924000
9.782000 -0.897000
7.850000 -0.869000
8.099000 -0.841000
34.207000 -0.813000
19.217000 -0.786000
14.299000 -0.758000
10.413000 -0.730000
7.411000 -0.702000
5.312000 -0.675000
4.584000 -0.647000
4.106000 -0.619000
0.852000 -0.591000
0.105000 -0.564000
0.000000 -0.536000
0.000000 -0.508000
0.000000 -0.480000
0.000000 -0.453000
0.000000 -0.425000
0.000000 -0.397000
0.000000 -0.369000
0.000000 -0.341000
0.000000 -0.314000
0.000000 -0.286000
0.000000 -0.258000
0.000000 -0.230000
0.000000 -0.203000
0.000000 -0.175000
0.000000 -0.147000
0.000000 -0.119000
0.000000 -0.092000
0.000000 -0.064000
0.000000 -0.036000
0.000000 -0.008000
0.000000 0.018000
0.000000 0.046000
0.000000 0.074000
0.000000 0.102000
0.000000 0.130000
0.000000 0.157000
0.000000 0.185000
0.000000 0.213000
0.000000 0.241000
0.000000 0.268000
0.000000 0.296000
0.000000 0.324000
0.000000 0.352000
0.000000 0.379000
0.000000 0.407000
0.000000 0.435000
0.000000 0.463000
0.000000 0.490000
0.000000 0.518000
0.000000 0.546000
0.000000 0.574000
0.000000 0.602000
0.000000 0.629000
0.000000 0.657000
0.000000 0.685000
0.000000 0.713000
0.000000 0.740000
0.000000 0.768000
0.000000 0.796000
0.000000 0.824000
0.000000 0.851000
0.000000 0.879000
0.000000 0.907000
0.000000 0.935000
0.000000 0.962000
0.000000 0.990000
0.000000 1.018000
0.000000 1.046000
0.000000 1.073000
0.000000 1.101000
0.000000 1.129000
0.000000 1.157000
0.000000 1.185000
0.000000 1.212000
0.000000 1.240000
0.000000 1.268000
0.000000 1.296000
0.000000 1.323000
0.000000 1.351000
0.000000 1.379000
0.000000 1.407000
0.000000 1.434000
0.000000 1.462000
0.000000 1.490000
0.000000 1.518000
0.000000 1.545000
0.000000 1.573000
0.000000 1.601000
0.000000 1.629000
0.000000 1.657000
0.000000 1.684000
0.000000 1.712000
0.000000 1.740000
0.000000 1.768000
0.000000 1.795000
0.000000 1.823000
0.000000 1.851000
0.000000 1.879000
0.000000 1.906000
0.000000 1.934000
0.000000 1.962000
0.000000 1.990000
0.000000 2.017000
0.000000 2.045000
0.000000 2.073000
0.000000 2.101000
0.000000 2.128000
0.000000 2.156000
0.000000 2.184000
0.000000 2.212000
0.000000 2.240000
0.000000 2.267000
0.000000 2.295000
0.000000 2.323000
0.000000 2.351000
0.000000 2.378000
0.000000 2.406000
0.000000 2.434000
0.000000 2.462000
0.000000 2.489000
0.000000 2.517000
0.000000 2.545000
0.000000 2.573000
0.000000 2.600000
0.000000 2.628000
0.000000 2.656000
0.000000 2.684000
0.000000 2.712000
0.000000 2.739000
0.000000 2.767000
0.000000 2.795000
0.000000 2.823000
0.000000 2.850000
0.000000 2.878000
0.000000 2.906000
0.000000 2.934000
0.000000 2.961000
0.000000 2.989000
0.000000 3.017000
0.000000 3.045000
0.000000 3.072000
0.000000 3.100000
0.000000 3.128000
0.000000 3.156000
0.000000 3.184000
0.000000 3.211000
0.000000 3.239000
0.000000 3.267000
0.000000 3.295000
0.000000 3.322000
0.000000 3.350000
0.000000 3.378000
0.000000 3.406000
0.000000 3.433000
0.000000 3.461000
0.000000 3.489000
0.000000 3.517000
0.000000 3.544000
0.000000 3.572000
0.000000 3.600000
0.000000 3.628000
0.000000 3.655000
0.000000 3.683000
0.000000 3.711000
0.000000 3.739000
0.000000 3.767000
0.000000 3.794000
0.000000 3.822000
0.000000 3.850000
0.000000 3.878000
0.000000 3.905000
0.000000 3.933000
0.000000 3.961000
0.000000 3.989000
0.000000 4.016000
0.000000 4.044000
0.000000 4.072000
0.000000 4.100000
0.000000 4.127000
0.000000 4.155000
0.000000 4.183000
0.000000 4.211000
0.000000 4.239000
0.000000 4.266000
0.000000 4.294000
0.000000 4.322000
0.000000 4.350000
0.000000 4.377000
0.000000 4.405000
0.000000 4.433000
0.000000 4.461000
0.000000 4.488000
0.000000 4.516000
0.000000 4.544000
0.000000 4.572000
0.000000 4.599000
0.000000 4.627000
0.001000 4.655000
0.002000 4.683000
0.003000 4.711000
0.004000 4.738000
0.005000 4.766000
0.006000 4.794000
0.008000 4.822000
0.009000 4.849000
0.011000 4.877000
0.013000 4.905000
0.015000 4.933000
0.017000 4.960000
0.020000 4.988000
0.022000 5.016000
0.025000 5.044000
0.028000 5.071000
0.031000 5.099000
0.034000 5.127000
0.037000 5.155000
0.041000 5.182000
0.046000 5.210000
0.052000 5.238000
0.057000 5.266000
0.063000 5.294000
0.068000 5.321000
0.073000 5.349000
0.078000 5.377000
0.083000 5.405000
0.087000 5.432000
0.092000 5.460000
0.096000 5.488000
0.100000 5.516000
0.104000 5.543000
0.108000 5.571000
0.112000 5.599000
0.116000 5.627000
0.120000 5.654000
0.123000 5.682000
0.125000 5.710000
0.126000 5.738000
0.127000 5.766000
0.129000 5.793000
0.131000 5.821000
0.133000 5.849000
0.136000 5.877000
0.139000 5.904000
0.143000 5.932000
0.147000 5.960000
0.151000 5.988000
0.156000 6.015000
0.161000 6.043000
0.166000 6.071000
0.171000 6.099000
0.177000 6.126000
0.182000 6.154000
0.188000 6.182000
0.194000 6.210000
0.199000 6.237000
0.205000 6.265000
0.212000 6.293000
0.218000 6.321000
0.224000 6.349000
0.231000 6.376000
0.237000 6.404000
0.244000 6.432000
0.251000 6.460000
0.258000 6.487000
0.265000 6.515000
0.273000 6.543000
0.281000 6.571000
0.290000 6.598000
0.299000 6.626000
0.309000 6.654000
0.319000 6.682000
0.330000 6.709000
0.343000 6.737000
0.361000 6.765000
0.383000 6.793000
0.410000 6.821000
0.767000 6.848000
0.809000 6.876000
0.800000 6.904000
0.780000 6.932000
0.750000 6.959000
0.711000 6.987000
0.665000 7.015000
0.610000 7.043000
0.548000 7.070000
0.533000 7.098000
0.526000 7.126000
0.519000 7.154000
0.512000 7.181000
0.506000 7.209000
0.500000 7.237000
0.495000 7.265000
0.490000 7.293000
0.486000 7.320000
0.481000 7.348000
0.478000 7.376000
0.474000 7.404000
0.472000 7.431000
0.469000 7.459000
0.496000 7.487000
0.551000 7.515000
0.607000 7.542000
0.664000 7.570000
0.543000 7.598000
0.544000 7.626000
0.538000 7.653000
0.510000 7.681000
0.495000 7.709000
0.482000 7.737000
0.472000 7.764000
0.463000 7.792000
0.455000 7.820000
0.446000 7.848000
0.437000 7.876000
0.428000 7.903000
0.418000 7.931000
0.409000 7.959000
0.399000 7.987000
0.391000 8.014000
0.388000 8.042000
0.385000 8.070000
0.382000 8.098000
0.378000 8.125000
0.373000 8.153000
0.367000 8.181000
0.361000 8.209000
0.354000 8.236000
0.349000 8.264000
0.346000 8.292000
0.346000 8.320000
0.347000 8.348000
0.351000 8.375000
0.357000 8.403000
0.366000 8.431000
0.376000 8.459000
0.400000 8.486000
0.440000 8.514000
0.483000 8.542000
0.530000 8.570000
0.531000 8.597000
0.540000 8.625000
0.564000 8.653000
0.583000 8.681000
0.598000 8.708000
0.611000 8.736000
0.624000 8.764000
0.635000 8.792000
0.645000 8.819000
0.655000 8.847000
0.663000 8.875000
0.670000 8.903000
0.675000 8.931000
0.680000 8.958000
0.686000 8.986000
0.691000 9.014000
0.694000 9.042000
0.697000 9.069000
0.698000 9.097000
0.699000 9.125000
0.714000 9.153000
0.779000 9.180000
0.815000 9.208000
0.849000 9.236000
0.879000 9.264000
0.905000 9.291000
0.929000 9.319000
0.949000 9.347000
0.966000 9.375000
0.978000 9.403000
0.982000 9.430000
0.977000 9.458000
0.957000 9.486000
0.919000 9.514000
0.866000 9.541000
0.821000 9.569000
0.774000 9.597000
0.724000 9.625000
0.670000 9.652000
0.613000 9.680000
0.542000 9.708000
0.475000 9.736000
0.414000 9.763000
0.359000 9.791000
0.307000 9.819000
0.258000 9.847000
0.214000 9.875000
0.173000 9.902000
0.136000 9.930000
0.114000 9.958000
0.096000 9.986000
0.082000 10.013000
0.070000 10.041000
0.060000 10.069000
0.051000 10.097000
0.044000 10.124000
0.038000 10.152000
0.032000 10.180000
0.026000 10.208000
0.022000 10.235000
0.017000 10.263000
0.014000 10.291000
0.011000 10.319000
0.008000 10.346000
0.006000 10.374000
0.004000 10.402000
0.003000 10.430000
0.002000 10.458000
0.001000 10.485000
0.000000 10.513000
0.000000 10.541000
0.000000 10.569000
0.000000 10.596000
0.000000 10.624000
0.000000 10.652000
0.000000 10.680000
0.000000 10.707000
0.000000 10.735000
0.000000 10.763000
0.000000 10.791000
0.000000 10.818000
0.000000 10.846000
0.000000 10.874000
0.000000 10.902000
0.000000 10.930000
0.000000 10.957000
0.000000 10.985000
0.000000 11.013000
0.000000 11.041000
0.000000 11.068000
0.000000 11.096000
0.000000 11.124000
0.000000 11.152000
0.000000 11.179000
0.000000 11.207000
0.000000 11.235000
0.000000 11.263000
0.000000 11.290000
0.000000 11.318000
0.000000 11.346000
0.000000 11.374000
0.000000 11.401000
0.000000 11.429000
0.000000 11.457000
0.000000 11.485000
0.000000 11.513000
0.000000 11.540000
0.000000 11.568000
0.000000 11.596000
0.000000 11.624000
0.000000 11.651000
0.000000 11.679000
0.000000 11.707000
0.000000 11.735000
0.000000 11.762000
0.000000 11.790000
0.000000 11.818000
0.000000 11.846000
0.000000 11.873000
0.000000 11.901000
0.000000 11.929000
0.000000 11.957000
0.000000 11.985000
0.000000 12.012000
0.000000 12.040000
0.000000 12.068000
0.000000 12.096000
0.000000 12.123000
0.000000 12.151000
0.000000 12.179000
0.000000 12.207000
0.000000 12.234000
0.000000 12.262000
0.000000 12.290000
0.000000 12.318000
0.000000 12.345000
0.000000 12.373000
0.000000 12.401000
0.000000 12.429000
0.000000 12.457000
0.000000 12.484000
0.000000 12.512000
0.000000 12.540000


# End of Property 2

# End of File