# Start of Property 1


# End of Property 1

# Start of Property 1
0.000000 -15.140000
0.000000 -15.112000
0.000000 -15.084000
0.000000 -15.056000
0.000000 -15.029000
0.000000 -15.001000
0.000000 -14.973000
0.000000 -14.945000
0.000000 -14.917000
0.000000 -14.890000
0.000000 -14.862000
0.000000 -14.834000
0.000000 -14.806000
0.000000 -14.778000
0.000000 -14.751000
0.000000 -14.723000
0.000000 -14.695000
0.000000 -14.667000
0.000000 -14.639000
0.000000 -14.612000
0.000000 -14.584000
0.000000 -14.556000
0.000000 -14.528000
0.000000 -14.500000
0.000000 -14.472000
0.000000 -14.445000
0.000000 -14.417000
0.000000 -14.389000
0.000000 -14.361000
0.000000 -14.333000
0.000000 -14.306000
0.000000 -14.278000
0.000000 -14.250000
0.000000 -14.222000
0.000000 -14.194000
0.000000 -14.167000
0.000000 -14.139000
0.000000 -14.111000
0.000000 -14.083000
0.000000 -14.055000
0.000000 -14.028000
0.000000 -14.000000
0.000000 -13.972000
0.000000 -13.944000
0.000000 -13.916000
0.000000 -13.888000
0.000000 -13.861000
0.000000 -13.833000
0.000000 -13.805000
0.000000 -13.777000
0.000000 -13.749000
0.000000 -13.722000
0.000000 -13.694000
0.000000 -13.666000
0.000000 -13.638000
0.000000 -13.610000
0.000000 -13.583000
0.000000 -13.555000
0.000000 -13.527000
0.000000 -13.499000
0.000000 -13.471000
0.000000 -13.443000
0.000000 -13.416000
0.000000 -13.388000
0.000000 -13.360000
0.000000 -13.332000
0.000000 -13.304000
0.000000 -13.277000
0.000000 -13.249000
0.000000 -13.221000
0.000000 -13.193000
0.000000 -13.165000
0.000000 -13.138000
0.002000 -13.110000
0.007000 -13.082000
0.012000 -13.054000
0.017000 -13.026000
0.022000 -12.999000
0.027000 -12.971000
0.033000 -12.943000
0.044000 -12.915000
0.060000 -12.887000
0.075000 -12.859000
0.049000 -12.832000
0.051000 -12.804000
0.053000 -12.776000
0.051000 -12.748000
0.000000 -12.720000
0.000000 -12.693000
0.000000 -12.665000
0.000000 -12.637000
0.000000 -12.609000
0.000000 -12.581000
0.000000 -12.554000
0.000000 -12.526000
0.000000 -12.498000
0.000000 -12.470000
0.000000 -12.442000
0.000000 -12.415000
0.000000 -12.387000
0.000000 -12.359000
0.000000 -12.331000
0.000000 -12.303000
0.000000 -12.275000
0.000000 -12.248000
0.000000 -12.220000
0.000000 -12.192000
0.000000 -12.164000
0.000000 -12.136000
0.000000 -12.109000
0.000000 -12.081000
0.000000 -12.053000
0.000000 -12.025000
0.000000 -11.997000
0.000000 -11.970000
0.000000 -11.942000
0.000000 -11.914000
0.000000 -11.886000
0.000000 -11.858000
0.000000 -11.831000
0.000000 -11.803000
0.000000 -11.775000
0.000000 -11.747000
0.000000 -11.719000
0.000000 -11.691000
0.000000 -11.664000
0.000000 -11.636000
0.000000 -11.608000
0.000000 -11.580000
0.000000 -11.552000
0.000000 -11.525000
0.000000 -11.497000
0.000000 -11.469000
0.000000 -11.441000
0.000000 -11.413000
0.000000 -11.386000
0.000000 -11.358000
0.000000 -11.330000
0.000000 -11.302000
0.000000 -11.274000
0.000000 -11.247000
0.000000 -11.219000
0.000000 -11.191000
0.000000 -11.163000
0.000000 -11.135000
0.000000 -11.107000
0.000000 -11.080000
0.000000 -11.052000
0.000000 -11.024000
0.000000 -10.996000
0.000000 -10.968000
0.000000 -10.941000
0.000000 -10.913000
0.000000 -10.885000
0.000000 -10.857000
0.000000 -10.829000
0.000000 -10.802000
0.000000 -10.774000
0.000000 -10.746000
0.000000 -10.718000
0.000000 -10.690000
0.000000 -10.663000
0.000000 -10.635000
0.000000 -10.607000
0.000000 -10.579000
0.000000 -10.551000
0.000000 -10.523000
0.000000 -10.496000
0.000000 -10.468000
0.000000 -10.440000
0.000000 -10.412000
0.000000 -10.384000
0.000000 -10.357000
0.000000 -10.329000
0.000000 -10.301000
0.000000 -10.273000
0.000000 -10.245000
0.000000 -10.218000
0.000000 -10.190000
0.000000 -10.162000
0.000000 -10.134000
0.000000 -10.106000
0.000000 -10.079000
0.000000 -10.051000
0.000000 -10.023000
0.000000 -9.995000
0.000000 -9.967000
0.000000 -9.939000
0.000000 -9.912000
0.000000 -9.884000
0.000000 -9.856000
0.000000 -9.828000
0.000000 -9.800000
0.000000 -9.773000
0.000000 -9.745000
0.000000 -9.717000
0.000000 -9.689000
0.000000 -9.661000
0.000000 -9.634000
0.000000 -9.606000
0.000000 -9.578000
0.000000 -9.550000
0.000000 -9.522000
0.000000 -9.495000
0.000000 -9.467000
0.000000 -9.439000
0.000000 -9.411000
0.000000 -9.383000
0.000000 -9.355000
0.000000 -9.328000
0.000000 -9.300000
0.000000 -9.272000
0.000000 -9.244000
0.000000 -9.216000
0.000000 -9.189000
0.000000 -9.161000
0.000000 -9.133000
0.000000 -9.105000
0.000000 -9.077000
0.000000 -9.050000
0.000000 -9.022000
0.000000 -8.994000
0.000000 -8.966000
0.000000 -8.938000
0.000000 -8.911000
0.000000 -8.883000
0.000000 -8.855000
0.000000 -8.827000
0.000000 -8.799000
0.000000 -8.771000
0.000000 -8.744000
0.000000 -8.716000
0.000000 -8.688000
0.000000 -8.660000
0.000000 -8.632000
0.000000 -8.605000
0.000000 -8.577000
0.000000 -8.549000
0.000000 -8.521000
0.000000 -8.493000
0.000000 -8.466000
0.000000 -8.438000
0.000000 -8.410000
0.000000 -8.382000
0.000000 -8.354000
0.000000 -8.326000
0.000000 -8.299000
0.000000 -8.271000
0.000000 -8.243000
0.000000 -8.215000
0.000000 -8.187000
0.000000 -8.160000
0.000000 -8.132000
0.000000 -8.104000
0.000000 -8.076000
0.000000 -8.048000
0.000000 -8.021000
0.000000 -7.993000
0.000000 -7.965000
0.000000 -7.937000
0.000000 -7.909000
0.000000 -7.882000
0.000000 -7.854000
0.000000 -7.826000
0.000000 -7.798000
0.000000 -7.770000
0.000000 -7.742000
0.000000 -7.715000
0.000000 -7.687000
0.000000 -7.659000
0.000000 -7.631000
0.000000 -7.603000
0.000000 -7.576000
0.000000 -7.548000
0.000000 -7.520000
0.000000 -7.492000
0.000000 -7.464000
0.000000 -7.437000
0.000000 -7.409000
0.000000 -7.381000
0.000000 -7.353000
0.000000 -7.325000
0.000000 -7.298000
0.000000 -7.270000
0.000000 -7.242000
0.000000 -7.214000
0.000000 -7.186000
0.000000 -7.158000
0.000000 -7.131000
0.000000 -7.103000
0.000000 -7.075000
0.000000 -7.047000
0.000000 -7.019000
0.000000 -6.992000
0.000000 -6.964000
0.000000 -6.936000
0.000000 -6.908000
0.000000 -6.880000
0.000000 -6.853000
0.000000 -6.825000
0.000000 -6.797000
0.000000 -6.769000
0.000000 -6.741000
0.000000 -6.714000
0.000000 -6.686000
0.000000 -6.658000
0.000000 -6.630000
0.000000 -6.602000
0.000000 -6.574000
0.000000 -6.547000
0.000000 -6.519000
0.000000 -6.491000
0.000000 -6.463000
0.000000 -6.435000
0.000000 -6.408000
0.000000 -6.380000
0.000000 -6.352000
0.000000 -6.324000
0.000000 -6.296000
0.000000 -6.269000
0.000000 -6.241000
0.000000 -6.213000
0.000000 -6.185000
0.000000 -6.157000
0.000000 -6.130000
0.000000 -6.102000
0.000000 -6.074000
0.000000 -6.046000
0.000000 -6.018000
0.000000 -5.990000
0.000000 -5.963000
0.000000 -5.935000
0.000000 -5.907000
0.000000 -5.879000
0.000000 -5.851000
0.000000 -5.824000
0.000000 -5.796000
0.000000 -5.768000
0.000000 -5.740000
0.000000 -5.712000
0.000000 -5.685000
0.000000 -5.657000
0.000000 -5.629000
0.000000 -5.601000
0.000000 -5.573000
0.000000 -5.546000
0.000000 -5.518000
0.000000 -5.490000
0.000000 -5.462000
0.000000 -5.434000
0.000000 -5.406000
0.000000 -5.379000
0.000000 -5.351000
0.000000 -5.323000
0.000000 -5.295000
0.000000 -5.267000
0.000000 -5.240000
0.000000 -5.212000
0.000000 -5.184000
0.000000 -5.156000
0.000000 -5.128000
0.000000 -5.101000
0.000000 -5.073000
0.000000 -5.045000
0.000000 -5.017000
0.000000 -4.989000
0.000000 -4.962000
0.000000 -4.934000
0.000000 -4.906000
0.000000 -4.878000
0.000000 -4.850000
0.000000 -4.822000
0.000000 -4.795000
0.000000 -4.767000
0.000000 -4.739000
0.000000 -4.711000
0.000000 -4.683000
0.000000 -4.656000
0.000000 -4.628000
0.000000 -4.600000
0.000000 -4.572000
0.000000 -4.544000
0.000000 -4.517000
0.000000 -4.489000
0.000000 -4.461000
0.000000 -4.433000
0.000000 -4.405000
0.000000 -4.378000
0.000000 -4.350000
0.000000 -4.322000
0.000000 -4.294000
0.000000 -4.266000
0.000000 -4.238000
0.000000 -4.211000
0.000000 -4.183000
0.000000 -4.155000
0.000000 -4.127000
0.000000 -4.099000
0.000000 -4.072000
0.000000 -4.044000
0.000000 -4.016000
0.000000 -3.988000
0.000000 -3.960000
0.000000 -3.933000
0.000000 -3.905000
0.000000 -3.877000
0.000000 -3.849000
0.000000 -3.821000
0.000000 -3.794000
0.000000 -3.766000
0.000000 -3.738000
0.000000 -3.710000
0.000000 -3.682000
0.000000 -3.654000
0.000000 -3.627000
0.000000 -3.599000
0.000000 -3.571000
0.000000 -3.543000
0.000000 -3.515000
0.000000 -3.488000
0.000000 -3.460000
0.000000 -3.432000
0.000000 -3.404000
0.000000 -3.376000
0.000000 -3.349000
0.000000 -3.321000
0.000000 -3.293000
0.000000 -3.265000
0.000000 -3.237000
0.000000 -3.209000
0.000000 -3.182000
0.000000 -3.154000
0.000000 -3.126000
0.000000 -3.098000
0.000000 -3.070000
0.000000 -3.043000
0.000000 -3.015000
0.000000 -2.987000
0.000000 -2.959000
0.000000 -2.931000
0.000000 -2.904000
0.000000 -2.876000
0.000000 -2.848000
0.000000 -2.820000
0.000000 -2.792000
0.000000 -2.765000
0.000000 -2.737000
0.000000 -2.709000
0.000000 -2.681000
0.000000 -2.653000
0.000000 -2.625000
0.000000 -2.598000
0.000000 -2.570000
0.000000 -2.542000
0.000000 -2.514000
0.000000 -2.486000
0.000000 -2.459000
0.000000 -2.431000
0.000000 -2.403000
0.006000 -2.375000
0.016000 -2.347000
0.030000 -2.320000
0.046000 -2.292000
0.066000 -2.264000
0.088000 -2.236000
0.113000 -2.208000
0.141000 -2.181000
0.174000 -2.153000
0.225000 -2.125000
0.286000 -2.097000
0.347000 -2.069000
0.409000 -2.041000
0.527000 -2.014000
0.544000 -1.986000
0.544000 -1.958000
0.500000 -1.930000
0.430000 -1.902000
0.338000 -1.875000
0.296000 -1.847000
0.255000 -1.819000
0.213000 -1.791000
0.166000 -1.763000
0.121000 -1.736000
0.089000 -1.708000
0.069000 -1.680000
0.058000 -1.652000
0.050000 -1.624000
0.044000 -1.597000
0.050000 -1.569000
0.069000 -1.541000
0.091000 -1.513000
0.111000 -1.485000
0.121000 -1.457000
0.128000 -1.430000
0.134000 -1.402000
0.139000 -1.374000
0.142000 -1.346000
0.143000 -1.318000
0.141000 -1.291000
0.135000 -1.263000
0.129000 -1.235000
0.127000 -1.207000
0.131000 -1.179000
0.145000 -1.152000
0.156000 -1.124000
0.159000 -1.096000
0.165000 -1.068000
0.174000 -1.040000
0.182000 -1.013000
0.185000 -0.985000
0.151000 -0.957000
0.151000 -0.929000
0.155000 -0.901000
0.154000 -0.873000
0.132000 -0.846000
0.102000 -0.818000
0.069000 -0.790000
0.067000 -0.762000
0.125000 -0.734000
0.107000 -0.707000
0.068000 -0.679000
0.052000 -0.651000
0.040000 -0.623000
0.030000 -0.595000
0.021000 -0.568000
0.013000 -0.540000
0.005000 -0.512000
0.001000 -0.484000
0.000000 -0.456000
0.000000 -0.429000
0.000000 -0.401000
0.000000 -0.373000
0.000000 -0.345000
0.000000 -0.317000
0.000000 -0.289000
0.000000 -0.262000
0.000000 -0.234000
0.000000 -0.206000
0.000000 -0.178000
0.000000 -0.150000
0.000000 -0.123000
0.000000 -0.095000
0.000000 -0.067000
0.000000 -0.039000
0.000000 -0.011000
0.000000 0.015000
0.000000 0.043000
0.000000 0.071000
0.000000 0.099000
0.000000 0.127000
0.000000 0.154000
0.000000 0.182000
0.000000 0.210000
0.000000 0.238000
0.000000 0.266000
0.000000 0.294000
0.000000 0.321000
0.000000 0.349000
0.000000 0.377000
0.000000 0.405000
0.000000 0.433000
0.000000 0.460000
0.000000 0.488000
0.000000 0.516000
0.000000 0.544000
0.000000 0.572000
0.000000 0.599000
0.000000 0.627000
0.000000 0.655000
0.000000 0.683000
0.000000 0.711000
0.000000 0.738000
0.000000 0.766000
0.000000 0.794000
0.000000 0.822000
0.000000 0.850000
0.000000 0.878000
0.000000 0.905000
0.000000 0.933000
0.000000 0.961000
0.000000 0.989000
0.000000 1.017000
0.000000 1.044000
0.000000 1.072000
0.000000 1.100000
0.000000 1.128000
0.000000 1.156000
0.000000 1.183000
0.000000 1.211000
0.000000 1.239000
0.000000 1.267000
0.000000 1.295000
0.000000 1.322000
0.000000 1.350000
0.000000 1.378000
0.000000 1.406000
0.000000 1.434000
0.000000 1.462000
0.000000 1.489000
0.000000 1.517000
0.000000 1.545000
0.000000 1.573000
0.000000 1.601000
0.000000 1.628000
0.000000 1.656000
0.000000 1.684000
0.000000 1.712000
0.000000 1.740000
0.000000 1.767000
0.000000 1.795000
0.000000 1.823000
0.000000 1.851000
0.000000 1.879000
0.000000 1.907000
0.000000 1.934000
0.000000 1.962000
0.000000 1.990000
0.000000 2.018000
0.000000 2.046000
0.000000 2.073000
0.000000 2.101000
0.000000 2.129000
0.000000 2.157000
0.000000 2.185000
0.000000 2.212000
0.000000 2.240000
0.000000 2.268000
0.000000 2.296000
0.000000 2.324000
0.000000 2.351000
0.000000 2.379000
0.000000 2.407000
0.000000 2.435000
0.000000 2.463000
0.000000 2.491000
0.000000 2.518000
0.000000 2.546000
0.000000 2.574000
0.000000 2.602000
0.000000 2.630000
0.000000 2.657000
0.000000 2.685000
0.000000 2.713000
0.000000 2.741000
0.000000 2.769000
0.000000 2.796000
0.000000 2.824000
0.000000 2.852000
0.000000 2.880000
0.000000 2.908000
0.000000 2.935000
0.000000 2.963000
0.000000 2.991000
0.000000 3.019000
0.000000 3.047000
0.000000 3.075000
0.000000 3.102000
0.000000 3.130000
0.000000 3.158000
0.000000 3.186000
0.000000 3.214000
0.000000 3.241000
0.000000 3.269000
0.000000 3.297000
0.000000 3.325000
0.000000 3.353000
0.000000 3.380000
0.000000 3.408000
0.000000 3.436000
0.000000 3.464000
0.000000 3.492000
0.000000 3.519000
0.000000 3.547000
0.000000 3.575000
0.000000 3.603000
0.000000 3.631000
0.000000 3.659000
0.000000 3.686000
0.000000 3.714000
0.000000 3.742000
0.000000 3.770000
0.000000 3.798000
0.000000 3.825000
0.000000 3.853000
0.000000 3.881000
0.000000 3.909000
0.000000 3.937000
0.000000 3.964000
0.000000 3.992000
0.000000 4.020000
0.000000 4.048000
0.000000 4.076000
0.000000 4.103000
0.000000 4.131000
0.000000 4.159000
0.000000 4.187000
0.000000 4.215000
0.000000 4.243000
0.000000 4.270000
0.000000 4.298000
0.000000 4.326000
0.000000 4.354000
0.000000 4.382000
0.000000 4.409000
0.000000 4.437000
0.000000 4.465000
0.000000 4.493000
0.000000 4.521000
0.000000 4.548000
0.000000 4.576000
0.000000 4.604000
0.000000 4.632000
0.000000 4.660000
0.000000 4.687000
0.000000 4.715000
0.000000 4.743000
0.000000 4.771000
0.001000 4.799000
0.002000 4.827000
0.002000 4.854000
0.003000 4.882000
0.004000 4.910000
0.006000 4.938000
0.007000 4.966000
0.008000 4.993000
0.009000 5.021000
0.011000 5.049000
0.012000 5.077000
0.014000 5.105000
0.015000 5.132000
0.017000 5.160000
0.018000 5.188000
0.020000 5.216000
0.022000 5.244000
0.024000 5.271000
0.026000 5.299000
0.028000 5.327000
0.030000 5.355000
0.032000 5.383000
0.034000 5.411000
0.036000 5.438000
0.038000 5.466000
0.041000 5.494000
0.043000 5.522000
0.045000 5.550000
0.047000 5.577000
0.049000 5.605000
0.052000 5.633000
0.054000 5.661000
0.056000 5.689000
0.059000 5.716000
0.061000 5.744000
0.064000 5.772000
0.066000 5.800000
0.069000 5.828000
0.072000 5.855000
0.074000 5.883000
0.077000 5.911000
0.080000 5.939000
0.083000 5.967000
0.086000 5.995000
0.089000 6.022000
0.092000 6.050000
0.096000 6.078000
0.099000 6.106000
0.103000 6.134000
0.106000 6.161000
0.110000 6.189000
0.114000 6.217000
0.118000 6.245000
0.122000 6.273000
0.126000 6.300000
0.130000 6.328000
0.134000 6.356000
0.138000 6.384000
0.143000 6.412000
0.148000 6.439000
0.153000 6.467000
0.158000 6.495000
0.163000 6.523000
0.169000 6.551000
0.175000 6.579000
0.182000 6.606000
0.188000 6.634000
0.195000 6.662000
0.205000 6.690000
0.221000 6.718000
0.241000 6.745000
0.267000 6.773000
0.297000 6.801000
0.332000 6.829000
0.374000 6.857000
0.423000 6.884000
0.480000 6.912000
0.547000 6.940000
0.634000 6.968000
0.788000 6.996000
0.932000 7.024000
0.951000 7.051000
0.961000 7.079000
0.964000 7.107000
0.946000 7.135000
0.909000 7.163000
0.865000 7.190000
0.816000 7.218000
0.763000 7.246000
0.715000 7.274000
0.672000 7.302000
0.634000 7.329000
0.602000 7.357000
0.575000 7.385000
0.551000 7.413000
0.530000 7.441000
0.512000 7.468000
0.496000 7.496000
0.486000 7.524000
0.483000 7.552000
0.489000 7.580000
0.524000 7.608000
0.579000 7.635000
0.630000 7.663000
0.675000 7.691000
0.711000 7.719000
0.739000 7.747000
0.760000 7.774000
0.775000 7.802000
0.791000 7.830000
0.807000 7.858000
0.823000 7.886000
0.837000 7.913000
0.847000 7.941000
0.853000 7.969000
0.854000 7.997000
0.852000 8.025000
0.845000 8.052000
0.834000 8.080000
0.819000 8.108000
0.796000 8.136000
0.770000 8.164000
0.747000 8.192000
0.724000 8.219000
0.700000 8.247000
0.676000 8.275000
0.653000 8.303000
0.631000 8.331000
0.602000 8.358000
0.559000 8.386000
0.506000 8.414000
0.458000 8.442000
0.415000 8.470000
0.378000 8.497000
0.355000 8.525000
0.346000 8.553000
0.352000 8.581000
0.372000 8.609000
0.401000 8.636000
0.435000 8.664000
0.472000 8.692000
0.506000 8.720000
0.532000 8.748000
0.540000 8.776000
0.544000 8.803000
0.551000 8.831000
0.562000 8.859000
0.573000 8.887000
0.584000 8.915000
0.598000 8.942000
0.615000 8.970000
0.635000 8.998000
0.659000 9.026000
0.684000 9.054000
0.708000 9.081000
0.732000 9.109000
0.755000 9.137000
0.778000 9.165000
0.801000 9.193000
0.822000 9.220000
0.805000 9.248000
0.772000 9.276000
0.746000 9.304000
0.716000 9.332000
0.685000 9.360000
0.655000 9.387000
0.625000 9.415000
0.595000 9.443000
0.566000 9.471000
0.536000 9.499000
0.505000 9.526000
0.474000 9.554000
0.442000 9.582000
0.409000 9.610000
0.375000 9.638000
0.341000 9.665000
0.308000 9.693000
0.276000 9.721000
0.246000 9.749000
0.216000 9.777000
0.192000 9.804000
0.170000 9.832000
0.150000 9.860000
0.131000 9.888000
0.114000 9.916000
0.097000 9.944000
0.082000 9.971000
0.067000 9.999000
0.054000 10.027000
0.042000 10.055000
0.031000 10.083000
0.021000 10.110000
0.014000 10.138000
0.008000 10.166000
0.004000 10.194000
0.002000 10.222000
0.001000 10.249000
0.001000 10.277000
0.001000 10.305000
0.000000 10.333000
0.000000 10.361000
0.000000 10.388000
0.000000 10.416000
0.000000 10.444000
0.000000 10.472000
0.000000 10.500000
0.000000 10.528000
0.000000 10.555000
0.000000 10.583000
0.000000 10.611000
0.000000 10.639000
0.000000 10.667000
0.000000 10.694000
0.000000 10.722000
0.000000 10.750000
0.000000 10.778000
0.000000 10.806000
0.000000 10.833000
0.000000 10.861000
0.000000 10.889000
0.000000 10.917000
0.000000 10.945000
0.000000 10.972000
0.000000 11.000000
0.000000 11.028000
0.000000 11.056000
0.000000 11.084000
0.000000 11.112000
0.000000 11.139000
0.000000 11.167000
0.000000 11.195000
0.000000 11.223000
0.000000 11.251000
0.000000 11.278000
0.000000 11.306000
0.000000 11.334000
0.000000 11.362000
0.000000 11.390000
0.000000 11.417000
0.000000 11.445000
0.000000 11.473000
0.000000 11.501000
0.000000 11.529000
0.000000 11.557000
0.000000 11.584000
0.000000 11.612000
0.000000 11.640000
0.000000 11.668000
0.000000 11.696000
0.000000 11.723000
0.000000 11.751000
0.000000 11.779000
0.000000 11.807000
0.000000 11.835000
0.000000 11.862000
0.000000 11.890000
0.000000 11.918000
0.000000 11.946000
0.000000 11.974000
0.000000 12.001000
0.000000 12.029000
0.000000 12.057000
0.000000 12.085000
0.000000 12.113000
0.000000 12.141000
0.000000 12.168000
0.000000 12.196000
0.000000 12.224000
0.000000 12.252000
0.000000 12.280000
0.000000 12.307000
0.000000 12.335000
0.000000 12.363000
0.000000 12.391000
0.000000 12.419000
0.000000 12.446000
0.000000 12.474000
0.000000 12.502000
0.000000 12.530000
0.000000 12.558000
0.000000 12.585000
0.000000 12.613000
0.000000 12.641000


# End of Property 2

# End of File