# Start of Property 1


# End of Property 1

# Start of Property 1
0.000000 -15.140000
0.000000 -15.112000
0.000000 -15.084000
0.000000 -15.056000
0.000000 -15.029000
0.000000 -15.001000
0.000000 -14.973000
0.000000 -14.945000
0.000000 -14.917000
0.000000 -14.890000
0.000000 -14.862000
0.000000 -14.834000
0.000000 -14.806000
0.000000 -14.778000
0.000000 -14.751000
0.000000 -14.723000
0.000000 -14.695000
0.000000 -14.667000
0.000000 -14.639000
0.000000 -14.612000
0.000000 -14.584000
0.000000 -14.556000
0.000000 -14.528000
0.000000 -14.500000
0.000000 -14.472000
0.000000 -14.445000
0.000000 -14.417000
0.000000 -14.389000
0.000000 -14.361000
0.000000 -14.333000
0.000000 -14.306000
0.000000 -14.278000
0.000000 -14.250000
0.000000 -14.222000
0.000000 -14.194000
0.000000 -14.167000
0.000000 -14.139000
0.000000 -14.111000
0.000000 -14.083000
0.000000 -14.055000
0.000000 -14.028000
0.000000 -14.000000
0.000000 -13.972000
0.000000 -13.944000
0.000000 -13.916000
0.000000 -13.888000
0.000000 -13.861000
0.000000 -13.833000
0.000000 -13.805000
0.000000 -13.777000
0.000000 -13.749000
0.000000 -13.722000
0.000000 -13.694000
0.000000 -13.666000
0.000000 -13.638000
0.000000 -13.610000
0.000000 -13.583000
0.000000 -13.555000
0.000000 -13.527000
0.000000 -13.499000
0.000000 -13.471000
0.000000 -13.443000
0.000000 -13.416000
0.000000 -13.388000
0.000000 -13.360000
0.000000 -13.332000
0.000000 -13.304000
0.000000 -13.277000
0.000000 -13.249000
0.000000 -13.221000
0.000000 -13.193000
0.000000 -13.165000
0.003000 -13.138000
0.458000 -13.110000
1.337000 -13.082000
2.368000 -13.054000
3.481000 -13.026000
4.805000 -12.999000
6.363000 -12.971000
8.237000 -12.943000
12.697000 -12.915000
19.988000 -12.887000
28.398000 -12.859000
21.458000 -12.832000
31.388000 -12.804000
41.423000 -12.776000
57.042000 -12.748000
0.000000 -12.720000
0.000000 -12.693000
0.000000 -12.665000
0.000000 -12.637000
0.000000 -12.609000
0.000000 -12.581000
0.000000 -12.554000
0.000000 -12.526000
0.000000 -12.498000
0.000000 -12.470000
0.000000 -12.442000
0.000000 -12.415000
0.000000 -12.387000
0.000000 -12.359000
0.000000 -12.331000
0.000000 -12.303000
0.000000 -12.275000
0.000000 -12.248000
0.000000 -12.220000
0.000000 -12.192000
0.000000 -12.164000
0.000000 -12.136000
0.000000 -12.109000
0.000000 -12.081000
0.000000 -12.053000
0.000000 -12.025000
0.000000 -11.997000
0.000000 -11.970000
0.000000 -11.942000
0.000000 -11.914000
0.000000 -11.886000
0.000000 -11.858000
0.000000 -11.831000
0.000000 -11.803000
0.000000 -11.775000
0.000000 -11.747000
0.000000 -11.719000
0.000000 -11.691000
0.000000 -11.664000
0.000000 -11.636000
0.000000 -11.608000
0.000000 -11.580000
0.000000 -11.552000
0.000000 -11.525000
0.000000 -11.497000
0.000000 -11.469000
0.000000 -11.441000
0.000000 -11.413000
0.000000 -11.386000
0.000000 -11.358000
0.000000 -11.330000
0.000000 -11.302000
0.000000 -11.274000
0.000000 -11.247000
0.000000 -11.219000
0.000000 -11.191000
0.000000 -11.163000
0.000000 -11.135000
0.000000 -11.107000
0.000000 -11.080000
0.000000 -11.052000
0.000000 -11.024000
0.000000 -10.996000
0.000000 -10.968000
0.000000 -10.941000
0.000000 -10.913000
0.000000 -10.885000
0.000000 -10.857000
0.000000 -10.829000
0.000000 -10.802000
0.000000 -10.774000
0.000000 -10.746000
0.000000 -10.718000
0.000000 -10.690000
0.000000 -10.663000
0.000000 -10.635000
0.000000 -10.607000
0.000000 -10.579000
0.000000 -10.551000
0.000000 -10.523000
0.000000 -10.496000
0.000000 -10.468000
0.000000 -10.440000
0.000000 -10.412000
0.000000 -10.384000
0.000000 -10.357000
0.000000 -10.329000
0.000000 -10.301000
0.000000 -10.273000
0.000000 -10.245000
0.000000 -10.218000
0.000000 -10.190000
0.000000 -10.162000
0.000000 -10.134000
0.000000 -10.106000
0.000000 -10.079000
0.000000 -10.051000
0.000000 -10.023000
0.000000 -9.995000
0.000000 -9.967000
0.000000 -9.939000
0.000000 -9.912000
0.000000 -9.884000
0.000000 -9.856000
0.000000 -9.828000
0.000000 -9.800000
0.000000 -9.773000
0.000000 -9.745000
0.000000 -9.717000
0.000000 -9.689000
0.000000 -9.661000
0.000000 -9.634000
0.000000 -9.606000
0.000000 -9.578000
0.000000 -9.550000
0.000000 -9.522000
0.000000 -9.495000
0.000000 -9.467000
0.000000 -9.439000
0.000000 -9.411000
0.000000 -9.383000
0.000000 -9.355000
0.000000 -9.328000
0.000000 -9.300000
0.000000 -9.272000
0.000000 -9.244000
0.000000 -9.216000
0.000000 -9.189000
0.000000 -9.161000
0.000000 -9.133000
0.000000 -9.105000
0.000000 -9.077000
0.000000 -9.050000
0.000000 -9.022000
0.000000 -8.994000
0.000000 -8.966000
0.000000 -8.938000
0.000000 -8.911000
0.000000 -8.883000
0.000000 -8.855000
0.000000 -8.827000
0.000000 -8.799000
0.000000 -8.771000
0.000000 -8.744000
0.000000 -8.716000
0.000000 -8.688000
0.000000 -8.660000
0.000000 -8.632000
0.000000 -8.605000
0.000000 -8.577000
0.000000 -8.549000
0.000000 -8.521000
0.000000 -8.493000
0.000000 -8.466000
0.000000 -8.438000
0.000000 -8.410000
0.000000 -8.382000
0.000000 -8.354000
0.000000 -8.326000
0.000000 -8.299000
0.000000 -8.271000
0.000000 -8.243000
0.000000 -8.215000
0.000000 -8.187000
0.000000 -8.160000
0.000000 -8.132000
0.000000 -8.104000
0.000000 -8.076000
0.000000 -8.048000
0.000000 -8.021000
0.000000 -7.993000
0.000000 -7.965000
0.000000 -7.937000
0.000000 -7.909000
0.000000 -7.882000
0.000000 -7.854000
0.000000 -7.826000
0.000000 -7.798000
0.000000 -7.770000
0.000000 -7.742000
0.000000 -7.715000
0.000000 -7.687000
0.000000 -7.659000
0.000000 -7.631000
0.000000 -7.603000
0.000000 -7.576000
0.000000 -7.548000
0.000000 -7.520000
0.000000 -7.492000
0.000000 -7.464000
0.000000 -7.437000
0.000000 -7.409000
0.000000 -7.381000
0.000000 -7.353000
0.000000 -7.325000
0.000000 -7.298000
0.000000 -7.270000
0.000000 -7.242000
0.000000 -7.214000
0.000000 -7.186000
0.000000 -7.158000
0.000000 -7.131000
0.000000 -7.103000
0.000000 -7.075000
0.000000 -7.047000
0.000000 -7.019000
0.000000 -6.992000
0.000000 -6.964000
0.000000 -6.936000
0.000000 -6.908000
0.000000 -6.880000
0.000000 -6.853000
0.000000 -6.825000
0.000000 -6.797000
0.000000 -6.769000
0.000000 -6.741000
0.000000 -6.714000
0.000000 -6.686000
0.000000 -6.658000
0.000000 -6.630000
0.000000 -6.602000
0.000000 -6.574000
0.000000 -6.547000
0.000000 -6.519000
0.000000 -6.491000
0.000000 -6.463000
0.000000 -6.435000
0.000000 -6.408000
0.000000 -6.380000
0.000000 -6.352000
0.000000 -6.324000
0.000000 -6.296000
0.000000 -6.269000
0.000000 -6.241000
0.000000 -6.213000
0.000000 -6.185000
0.000000 -6.157000
0.000000 -6.130000
0.000000 -6.102000
0.000000 -6.074000
0.000000 -6.046000
0.000000 -6.018000
0.000000 -5.990000
0.000000 -5.963000
0.000000 -5.935000
0.000000 -5.907000
0.000000 -5.879000
0.000000 -5.851000
0.000000 -5.824000
0.000000 -5.796000
0.000000 -5.768000
0.000000 -5.740000
0.000000 -5.712000
0.000000 -5.685000
0.000000 -5.657000
0.000000 -5.629000
0.000000 -5.601000
0.000000 -5.573000
0.000000 -5.546000
0.000000 -5.518000
0.000000 -5.490000
0.000000 -5.462000
0.000000 -5.434000
0.000000 -5.406000
0.000000 -5.379000
0.000000 -5.351000
0.000000 -5.323000
0.000000 -5.295000
0.000000 -5.267000
0.000000 -5.240000
0.000000 -5.212000
0.000000 -5.184000
0.000000 -5.156000
0.000000 -5.128000
0.000000 -5.101000
0.000000 -5.073000
0.000000 -5.045000
0.000000 -5.017000
0.000000 -4.989000
0.000000 -4.962000
0.000000 -4.934000
0.000000 -4.906000
0.000000 -4.878000
0.000000 -4.850000
0.000000 -4.822000
0.000000 -4.795000
0.000000 -4.767000
0.000000 -4.739000
0.000000 -4.711000
0.000000 -4.683000
0.000000 -4.656000
0.000000 -4.628000
0.000000 -4.600000
0.000000 -4.572000
0.000000 -4.544000
0.000000 -4.517000
0.000000 -4.489000
0.000000 -4.461000
0.000000 -4.433000
0.000000 -4.405000
0.000000 -4.378000
0.000000 -4.350000
0.000000 -4.322000
0.000000 -4.294000
0.000000 -4.266000
0.000000 -4.238000
0.000000 -4.211000
0.000000 -4.183000
0.000000 -4.155000
0.000000 -4.127000
0.000000 -4.099000
0.000000 -4.072000
0.000000 -4.044000
0.000000 -4.016000
0.000000 -3.988000
0.000000 -3.960000
0.000000 -3.933000
0.000000 -3.905000
0.000000 -3.877000
0.000000 -3.849000
0.000000 -3.821000
0.000000 -3.794000
0.000000 -3.766000
0.000000 -3.738000
0.000000 -3.710000
0.000000 -3.682000
0.000000 -3.654000
0.000000 -3.627000
0.000000 -3.599000
0.000000 -3.571000
0.000000 -3.543000
0.000000 -3.515000
0.000000 -3.488000
0.000000 -3.460000
0.000000 -3.432000
0.000000 -3.404000
0.000000 -3.376000
0.000000 -3.349000
0.000000 -3.321000
0.000000 -3.293000
0.000000 -3.265000
0.000000 -3.237000
0.000000 -3.209000
0.000000 -3.182000
0.000000 -3.154000
0.000000 -3.126000
0.000000 -3.098000
0.000000 -3.070000
0.000000 -3.043000
0.000000 -3.015000
0.000000 -2.987000
0.000000 -2.959000
0.000000 -2.931000
0.000000 -2.904000
0.000000 -2.876000
0.000000 -2.848000
0.000000 -2.820000
0.000000 -2.792000
0.000000 -2.765000
0.000000 -2.737000
0.000000 -2.709000
0.000000 -2.681000
0.000000 -2.653000
0.000000 -2.625000
0.000000 -2.598000
0.000000 -2.570000
0.000000 -2.542000
0.000000 -2.514000
0.000000 -2.486000
0.000000 -2.459000
0.000000 -2.431000
0.010000 -2.403000
0.109000 -2.375000
0.305000 -2.347000
0.559000 -2.320000
0.869000 -2.292000
1.234000 -2.264000
1.654000 -2.236000
2.164000 -2.208000
2.765000 -2.181000
3.509000 -2.153000
4.791000 -2.125000
6.344000 -2.097000
7.923000 -2.069000
9.567000 -2.041000
12.653000 -2.014000
13.224000 -1.986000
13.358000 -1.958000
12.459000 -1.930000
10.924000 -1.902000
8.692000 -1.875000
7.682000 -1.847000
6.679000 -1.819000
5.655000 -1.791000
4.504000 -1.763000
3.393000 -1.736000
2.563000 -1.708000
2.037000 -1.680000
1.752000 -1.652000
1.567000 -1.624000
1.408000 -1.597000
1.725000 -1.569000
2.604000 -1.541000
3.618000 -1.513000
4.600000 -1.485000
5.180000 -1.457000
5.661000 -1.430000
6.118000 -1.402000
6.518000 -1.374000
6.844000 -1.346000
7.039000 -1.318000
7.100000 -1.291000
6.955000 -1.263000
6.862000 -1.235000
7.013000 -1.207000
7.443000 -1.179000
8.531000 -1.152000
9.630000 -1.124000
10.382000 -1.096000
11.420000 -1.068000
12.726000 -1.040000
13.957000 -1.013000
15.131000 -0.985000
13.398000 -0.957000
14.282000 -0.929000
15.516000 -0.901000
16.391000 -0.873000
15.611000 -0.846000
14.007000 -0.818000
11.461000 -0.790000
12.660000 -0.762000
25.892000 -0.734000
23.290000 -0.707000
13.203000 -0.679000
9.684000 -0.651000
7.029000 -0.623000
5.032000 -0.595000
3.483000 -0.568000
2.062000 -0.540000
0.845000 -0.512000
0.180000 -0.484000
0.000000 -0.456000
0.000000 -0.429000
0.000000 -0.401000
0.000000 -0.373000
0.000000 -0.345000
0.000000 -0.317000
0.000000 -0.289000
0.000000 -0.262000
0.000000 -0.234000
0.000000 -0.206000
0.000000 -0.178000
0.000000 -0.150000
0.000000 -0.123000
0.000000 -0.095000
0.000000 -0.067000
0.000000 -0.039000
0.000000 -0.011000
0.000000 0.015000
0.000000 0.043000
0.000000 0.071000
0.000000 0.099000
0.000000 0.127000
0.000000 0.154000
0.000000 0.182000
0.000000 0.210000
0.000000 0.238000
0.000000 0.266000
0.000000 0.294000
0.000000 0.321000
0.000000 0.349000
0.000000 0.377000
0.000000 0.405000
0.000000 0.433000
0.000000 0.460000
0.000000 0.488000
0.000000 0.516000
0.000000 0.544000
0.000000 0.572000
0.000000 0.599000
0.000000 0.627000
0.000000 0.655000
0.000000 0.683000
0.000000 0.711000
0.000000 0.738000
0.000000 0.766000
0.000000 0.794000
0.000000 0.822000
0.000000 0.850000
0.000000 0.878000
0.000000 0.905000
0.000000 0.933000
0.000000 0.961000
0.000000 0.989000
0.000000 1.017000
0.000000 1.044000
0.000000 1.072000
0.000000 1.100000
0.000000 1.128000
0.000000 1.156000
0.000000 1.183000
0.000000 1.211000
0.000000 1.239000
0.000000 1.267000
0.000000 1.295000
0.000000 1.322000
0.000000 1.350000
0.000000 1.378000
0.000000 1.406000
0.000000 1.434000
0.000000 1.462000
0.000000 1.489000
0.000000 1.517000
0.000000 1.545000
0.000000 1.573000
0.000000 1.601000
0.000000 1.628000
0.000000 1.656000
0.000000 1.684000
0.000000 1.712000
0.000000 1.740000
0.000000 1.767000
0.000000 1.795000
0.000000 1.823000
0.000000 1.851000
0.000000 1.879000
0.000000 1.907000
0.000000 1.934000
0.000000 1.962000
0.000000 1.990000
0.000000 2.018000
0.000000 2.046000
0.000000 2.073000
0.000000 2.101000
0.000000 2.129000
0.000000 2.157000
0.000000 2.185000
0.000000 2.212000
0.000000 2.240000
0.000000 2.268000
0.000000 2.296000
0.000000 2.324000
0.000000 2.351000
0.000000 2.379000
0.000000 2.407000
0.000000 2.435000
0.000000 2.463000
0.000000 2.491000
0.000000 2.518000
0.000000 2.546000
0.000000 2.574000
0.000000 2.602000
0.000000 2.630000
0.000000 2.657000
0.000000 2.685000
0.000000 2.713000
0.000000 2.741000
0.000000 2.769000
0.000000 2.796000
0.000000 2.824000
0.000000 2.852000
0.000000 2.880000
0.000000 2.908000
0.000000 2.935000
0.000000 2.963000
0.000000 2.991000
0.000000 3.019000
0.000000 3.047000
0.000000 3.075000
0.000000 3.102000
0.000000 3.130000
0.000000 3.158000
0.000000 3.186000
0.000000 3.214000
0.000000 3.241000
0.000000 3.269000
0.000000 3.297000
0.000000 3.325000
0.000000 3.353000
0.000000 3.380000
0.000000 3.408000
0.000000 3.436000
0.000000 3.464000
0.000000 3.492000
0.000000 3.519000
0.000000 3.547000
0.000000 3.575000
0.000000 3.603000
0.000000 3.631000
0.000000 3.659000
0.000000 3.686000
0.000000 3.714000
0.000000 3.742000
0.000000 3.770000
0.000000 3.798000
0.000000 3.825000
0.000000 3.853000
0.000000 3.881000
0.000000 3.909000
0.000000 3.937000
0.000000 3.964000
0.000000 3.992000
0.000000 4.020000
0.000000 4.048000
0.000000 4.076000
0.000000 4.103000
0.000000 4.131000
0.000000 4.159000
0.000000 4.187000
0.000000 4.215000
0.000000 4.243000
0.000000 4.270000
0.000000 4.298000
0.000000 4.326000
0.000000 4.354000
0.000000 4.382000
0.000000 4.409000
0.000000 4.437000
0.000000 4.465000
0.000000 4.493000
0.000000 4.521000
0.000000 4.548000
0.000000 4.576000
0.000000 4.604000
0.000000 4.632000
0.000000 4.660000
0.000000 4.687000
0.000000 4.715000
0.000000 4.743000
0.001000 4.771000
0.003000 4.799000
0.004000 4.827000
0.006000 4.854000
0.008000 4.882000
0.010000 4.910000
0.013000 4.938000
0.015000 4.966000
0.018000 4.993000
0.021000 5.021000
0.024000 5.049000
0.027000 5.077000
0.030000 5.105000
0.033000 5.132000
0.037000 5.160000
0.041000 5.188000
0.044000 5.216000
0.049000 5.244000
0.053000 5.271000
0.057000 5.299000
0.061000 5.327000
0.066000 5.355000
0.071000 5.383000
0.076000 5.411000
0.080000 5.438000
0.085000 5.466000
0.090000 5.494000
0.095000 5.522000
0.100000 5.550000
0.106000 5.577000
0.111000 5.605000
0.117000 5.633000
0.122000 5.661000
0.128000 5.689000
0.133000 5.716000
0.139000 5.744000
0.145000 5.772000
0.151000 5.800000
0.157000 5.828000
0.163000 5.855000
0.170000 5.883000
0.176000 5.911000
0.183000 5.939000
0.190000 5.967000
0.197000 5.995000
0.205000 6.022000
0.213000 6.050000
0.221000 6.078000
0.229000 6.106000
0.237000 6.134000
0.246000 6.161000
0.254000 6.189000
0.263000 6.217000
0.273000 6.245000
0.282000 6.273000
0.292000 6.300000
0.302000 6.328000
0.312000 6.356000
0.322000 6.384000
0.333000 6.412000
0.344000 6.439000
0.356000 6.467000
0.368000 6.495000
0.381000 6.523000
0.395000 6.551000
0.409000 6.579000
0.424000 6.606000
0.439000 6.634000
0.455000 6.662000
0.478000 6.690000
0.510000 6.718000
0.553000 6.745000
0.606000 6.773000
0.666000 6.801000
0.736000 6.829000
0.818000 6.857000
0.917000 6.884000
1.030000 6.912000
1.164000 6.940000
1.337000 6.968000
1.651000 6.996000
1.933000 7.024000
1.946000 7.051000
1.941000 7.079000
1.922000 7.107000
1.875000 7.135000
1.799000 7.163000
1.711000 7.190000
1.612000 7.218000
1.509000 7.246000
1.412000 7.274000
1.323000 7.302000
1.242000 7.329000
1.168000 7.357000
1.102000 7.385000
1.041000 7.413000
0.985000 7.441000
0.935000 7.468000
0.890000 7.496000
0.854000 7.524000
0.829000 7.552000
0.821000 7.580000
0.859000 7.608000
0.929000 7.635000
0.998000 7.663000
1.062000 7.691000
1.116000 7.719000
1.160000 7.747000
1.195000 7.774000
1.224000 7.802000
1.253000 7.830000
1.282000 7.858000
1.312000 7.886000
1.338000 7.913000
1.357000 7.941000
1.368000 7.969000
1.373000 7.997000
1.371000 8.025000
1.361000 8.052000
1.344000 8.080000
1.321000 8.108000
1.285000 8.136000
1.245000 8.164000
1.207000 8.192000
1.171000 8.219000
1.133000 8.247000
1.095000 8.275000
1.059000 8.303000
1.025000 8.331000
0.981000 8.358000
0.915000 8.386000
0.835000 8.414000
0.763000 8.442000
0.700000 8.470000
0.647000 8.497000
0.614000 8.525000
0.605000 8.553000
0.618000 8.581000
0.654000 8.609000
0.704000 8.636000
0.766000 8.664000
0.834000 8.692000
0.898000 8.720000
0.953000 8.748000
0.982000 8.776000
1.002000 8.803000
1.027000 8.831000
1.054000 8.859000
1.083000 8.887000
1.114000 8.915000
1.150000 8.942000
1.195000 8.970000
1.249000 8.998000
1.310000 9.026000
1.374000 9.054000
1.433000 9.081000
1.489000 9.109000
1.541000 9.137000
1.591000 9.165000
1.638000 9.193000
1.690000 9.220000
1.667000 9.248000
1.596000 9.276000
1.544000 9.304000
1.484000 9.332000
1.423000 9.360000
1.363000 9.387000
1.304000 9.415000
1.246000 9.443000
1.189000 9.471000
1.130000 9.499000
1.070000 9.526000
1.007000 9.554000
0.943000 9.582000
0.877000 9.610000
0.806000 9.638000
0.735000 9.665000
0.666000 9.693000
0.598000 9.721000
0.533000 9.749000
0.471000 9.777000
0.418000 9.804000
0.373000 9.832000
0.331000 9.860000
0.292000 9.888000
0.254000 9.916000
0.219000 9.944000
0.186000 9.971000
0.154000 9.999000
0.125000 10.027000
0.098000 10.055000
0.073000 10.083000
0.051000 10.110000
0.034000 10.138000
0.021000 10.166000
0.011000 10.194000
0.006000 10.222000
0.004000 10.249000
0.004000 10.277000
0.003000 10.305000
0.003000 10.333000
0.002000 10.361000
0.002000 10.388000
0.001000 10.416000
0.001000 10.444000
0.001000 10.472000
0.000000 10.500000
0.000000 10.528000
0.000000 10.555000
0.000000 10.583000
0.000000 10.611000
0.000000 10.639000
0.000000 10.667000
0.000000 10.694000
0.000000 10.722000
0.000000 10.750000
0.000000 10.778000
0.000000 10.806000
0.000000 10.833000
0.000000 10.861000
0.000000 10.889000
0.000000 10.917000
0.000000 10.945000
0.000000 10.972000
0.000000 11.000000
0.000000 11.028000
0.000000 11.056000
0.000000 11.084000
0.000000 11.112000
0.000000 11.139000
0.000000 11.167000
0.000000 11.195000
0.000000 11.223000
0.000000 11.251000
0.000000 11.278000
0.000000 11.306000
0.000000 11.334000
0.000000 11.362000
0.000000 11.390000
0.000000 11.417000
0.000000 11.445000
0.000000 11.473000
0.000000 11.501000
0.000000 11.529000
0.000000 11.557000
0.000000 11.584000
0.000000 11.612000
0.000000 11.640000
0.000000 11.668000
0.000000 11.696000
0.000000 11.723000
0.000000 11.751000
0.000000 11.779000
0.000000 11.807000
0.000000 11.835000
0.000000 11.862000
0.000000 11.890000
0.000000 11.918000
0.000000 11.946000
0.000000 11.974000
0.000000 12.001000
0.000000 12.029000
0.000000 12.057000
0.000000 12.085000
0.000000 12.113000
0.000000 12.141000
0.000000 12.168000
0.000000 12.196000
0.000000 12.224000
0.000000 12.252000
0.000000 12.280000
0.000000 12.307000
0.000000 12.335000
0.000000 12.363000
0.000000 12.391000
0.000000 12.419000
0.000000 12.446000
0.000000 12.474000
0.000000 12.502000
0.000000 12.530000
0.000000 12.558000
0.000000 12.585000
0.000000 12.613000
0.000000 12.641000


# End of Property 2

# End of File