# Start of Property 1
0.000000 -1.628000
-0.462000 -1.578000
-0.480000 -1.527000
-0.479000 -1.477000
-0.455000 -1.427000
-0.412000 -1.377000
-0.360000 -1.327000
-0.311000 -1.277000
-0.278000 -1.226000
-0.266000 -1.176000
-0.277000 -1.126000
-0.306000 -1.076000
-0.342000 -1.026000
-0.374000 -0.976000
-0.391000 -0.925000
-0.387000 -0.875000
-0.360000 -0.825000
-0.314000 -0.775000
-0.258000 -0.725000
-0.201000 -0.675000
-0.150000 -0.624000
-0.108000 -0.574000
-0.078000 -0.524000
-0.056000 -0.474000
-0.039000 -0.424000
-0.024000 -0.374000
-0.010000 -0.323000
0.001000 -0.273000
0.012000 -0.223000
0.018000 -0.173000
0.021000 -0.123000
0.020000 -0.073000
0.018000 -0.022000
0.018000 0.027000
0.022000 0.077000
0.032000 0.127000
0.046000 0.177000
0.064000 0.227000
0.084000 0.278000
0.103000 0.328000
0.117000 0.378000
0.124000 0.428000
0.121000 0.478000
0.109000 0.528000
0.091000 0.579000
0.070000 0.629000
0.053000 0.679000
0.043000 0.729000
0.043000 0.779000
0.054000 0.829000
0.071000 0.880000
0.090000 0.930000
0.106000 0.980000
0.115000 1.030000
0.116000 1.080000
0.112000 1.130000
0.107000 1.181000
0.103000 1.231000
0.100000 1.281000
0.093000 1.331000
0.082000 1.381000
0.067000 1.431000
0.054000 1.482000
0.048000 1.532000
0.053000 1.582000
0.070000 1.632000
0.095000 1.682000
0.119000 1.732000
0.137000 1.783000
0.141000 1.833000
0.129000 1.883000
0.105000 1.933000
0.075000 1.983000
0.047000 2.033000
0.026000 2.084000
0.013000 2.134000
0.005000 2.184000
0.000000 2.234000
-0.002000 2.284000
0.000000 2.334000
0.012000 2.385000
0.035000 2.435000
0.066000 2.485000
0.100000 2.535000
0.129000 2.585000
0.152000 2.635000
0.164000 2.686000
0.166000 2.736000
0.158000 2.786000
0.140000 2.836000
0.117000 2.886000
0.093000 2.936000
0.074000 2.987000
0.065000 3.037000
0.064000 3.087000
0.069000 3.137000
0.075000 3.187000
0.077000 3.237000
0.072000 3.288000
0.062000 3.338000
0.049000 3.388000
0.036000 3.438000
0.026000 3.488000
0.020000 3.538000
0.016000 3.589000
0.013000 3.639000
0.007000 3.689000
-0.002000 3.739000
-0.017000 3.789000
-0.037000 3.839000
-0.058000 3.890000
-0.078000 3.940000
-0.095000 3.990000
-0.105000 4.040000
-0.109000 4.090000
-0.107000 4.141000
-0.098000 4.191000
-0.085000 4.241000
-0.066000 4.291000
-0.043000 4.341000
-0.018000 4.391000
0.006000 4.442000
0.028000 4.492000
0.045000 4.542000
0.058000 4.592000
0.071000 4.642000
0.086000 4.692000
0.106000 4.743000
0.130000 4.793000
0.157000 4.843000
0.192000 4.893000
0.239000 4.943000
0.306000 4.993000
0.400000 5.044000
0.524000 5.094000
0.673000 5.144000
0.839000 5.194000
1.011000 5.244000
1.175000 5.294000
1.325000 5.345000
1.456000 5.395000
1.573000 5.445000
1.682000 5.495000
1.793000 5.545000
1.910000 5.595000
2.024000 5.646000
2.119000 5.696000
2.173000 5.746000
2.172000 5.796000
2.113000 5.846000
2.009000 5.896000
1.879000 5.947000
1.739000 5.997000
1.600000 6.047000
1.466000 6.097000
1.338000 6.147000
1.216000 6.197000
1.105000 6.248000
1.016000 6.298000
0.959000 6.348000
0.937000 6.398000
0.943000 6.448000
0.957000 6.498000
0.964000 6.549000
0.956000 6.599000
0.936000 6.649000
0.920000 6.699000
0.920000 6.749000
0.941000 6.799000
0.976000 6.850000
1.011000 6.900000
1.032000 6.950000
1.032000 7.000000
1.016000 7.050000
0.998000 7.100000
0.992000 7.151000
1.003000 7.201000
1.030000 7.251000
1.064000 7.301000
1.105000 7.351000
1.157000 7.401000
1.228000 7.452000
1.320000 7.502000
1.420000 7.552000
1.499000 7.602000
1.527000 7.652000
1.477000 7.702000
1.339000 7.753000
1.118000 7.803000
0.835000 7.853000
0.523000 7.903000
0.219000 7.953000
-0.043000 8.003000
-0.243000 8.054000
-0.373000 8.104000
-0.449000 8.154000
-0.496000 8.204000
-0.539000 8.254000
-0.588000 8.304000
-0.637000 8.355000
-0.664000 8.405000
-0.652000 8.455000
-0.593000 8.505000
-0.501000 8.555000
-0.412000 8.605000
-0.401000 8.656000
-0.584000 8.706000
-1.115000 8.756000
-2.133000 8.806000
-3.673000 8.856000
-5.592000 8.906000
-7.559000 8.957000
-9.160000 9.007000
-10.070000 9.057000
-10.187000 9.107000
-9.650000 9.157000
-8.741000 9.207000
-7.739000 9.258000
-6.826000 9.308000
-6.069000 9.358000
-5.456000 9.408000
-4.948000 9.458000
-4.507000 9.508000
-4.104000 9.559000
-3.722000 9.609000
-3.356000 9.659000
-3.010000 9.709000
-2.695000 9.759000
-2.418000 9.809000
-2.180000 9.860000
-1.978000 9.910000
-1.810000 9.960000
-1.672000 10.010000
-1.560000 10.060000
-1.470000 10.110000
-1.398000 10.161000
-1.339000 10.211000
-1.291000 10.261000
-1.250000 10.311000
-1.216000 10.361000
-1.185000 10.411000
-1.159000 10.462000
-1.134000 10.512000
-1.113000 10.562000
-1.097000 10.612000
-1.092000 10.662000
-1.106000 10.712000
-1.144000 10.763000
-1.207000 10.813000
-1.291000 10.863000
-1.388000 10.913000
-1.491000 10.963000
-1.590000 11.013000
-1.677000 11.064000
-1.735000 11.114000
-1.748000 11.164000
-1.706000 11.214000
-1.609000 11.264000
-1.470000 11.314000
-1.314000 11.365000
-1.166000 11.415000
-1.046000 11.465000
-0.966000 11.515000
-0.926000 11.565000
-0.922000 11.615000
-0.939000 11.666000
-0.962000 11.716000
-0.970000 11.766000
-0.951000 11.816000
-0.897000 11.866000
-0.814000 11.916000
-0.714000 11.967000
-0.614000 12.017000
-0.526000 12.067000
-0.459000 12.117000
-0.412000 12.167000
-0.379000 12.217000
-0.352000 12.268000
-0.321000 12.318000
-0.281000 12.368000
-0.234000 12.418000
-0.184000 12.468000
-0.138000 12.518000
-0.103000 12.569000
-0.080000 12.619000
-0.068000 12.669000
-0.062000 12.719000
-0.059000 12.769000
-0.054000 12.819000
-0.048000 12.870000
-0.040000 12.920000
-0.032000 12.970000
-0.025000 13.020000
-0.020000 13.070000
-0.015000 13.120000
-0.011000 13.171000
-0.007000 13.221000
-0.004000 13.271000
-0.003000 13.321000
-0.001000 13.371000
0.000000 13.421000
0.000000 13.421000


# End of Property 1

# End of File