# Start of Property 1
0.000000 -1.628000
1.213000 -1.578000
1.326000 -1.527000
1.401000 -1.477000
1.426000 -1.427000
1.408000 -1.377000
1.373000 -1.327000
1.362000 -1.277000
1.419000 -1.226000
1.580000 -1.176000
1.861000 -1.126000
2.251000 -1.076000
2.706000 -1.026000
3.155000 -0.976000
3.519000 -0.925000
3.742000 -0.875000
3.801000 -0.825000
3.722000 -0.775000
3.550000 -0.725000
3.329000 -0.675000
3.081000 -0.624000
2.808000 -0.574000
2.508000 -0.524000
2.203000 -0.474000
1.937000 -0.424000
1.772000 -0.374000
1.759000 -0.323000
1.910000 -0.273000
2.176000 -0.223000
2.461000 -0.173000
2.654000 -0.123000
2.674000 -0.073000
2.509000 -0.022000
2.213000 0.027000
1.876000 0.077000
1.593000 0.127000
1.427000 0.177000
1.397000 0.227000
1.484000 0.278000
1.640000 0.328000
1.812000 0.378000
1.949000 0.428000
2.020000 0.478000
2.010000 0.528000
1.925000 0.579000
1.789000 0.629000
1.641000 0.679000
1.527000 0.729000
1.488000 0.779000
1.535000 0.829000
1.646000 0.880000
1.765000 0.930000
1.832000 0.980000
1.810000 1.030000
1.708000 1.080000
1.574000 1.130000
1.472000 1.181000
1.441000 1.231000
1.475000 1.281000
1.525000 1.331000
1.537000 1.381000
1.484000 1.431000
1.378000 1.482000
1.256000 1.532000
1.161000 1.582000
1.117000 1.632000
1.123000 1.682000
1.154000 1.732000
1.172000 1.783000
1.144000 1.833000
1.062000 1.883000
0.956000 1.933000
0.884000 1.983000
0.905000 2.033000
1.045000 2.084000
1.273000 2.134000
1.511000 2.184000
1.668000 2.234000
1.686000 2.284000
1.567000 2.334000
1.367000 2.385000
1.160000 2.435000
1.001000 2.485000
0.904000 2.535000
0.856000 2.585000
0.829000 2.635000
0.799000 2.686000
0.753000 2.736000
0.683000 2.786000
0.594000 2.836000
0.495000 2.886000
0.399000 2.936000
0.318000 2.987000
0.255000 3.037000
0.202000 3.087000
0.152000 3.137000
0.094000 3.187000
0.025000 3.237000
-0.047000 3.288000
-0.112000 3.338000
-0.156000 3.388000
-0.172000 3.438000
-0.160000 3.488000
-0.130000 3.538000
-0.097000 3.589000
-0.076000 3.639000
-0.078000 3.689000
-0.109000 3.739000
-0.165000 3.789000
-0.233000 3.839000
-0.300000 3.890000
-0.354000 3.940000
-0.394000 3.990000
-0.429000 4.040000
-0.478000 4.090000
-0.564000 4.141000
-0.711000 4.191000
-0.936000 4.241000
-1.242000 4.291000
-1.615000 4.341000
-2.019000 4.391000
-2.405000 4.442000
-2.719000 4.492000
-2.918000 4.542000
-2.975000 4.592000
-2.893000 4.642000
-2.709000 4.692000
-2.478000 4.743000
-2.258000 4.793000
-2.082000 4.843000
-1.951000 4.893000
-1.841000 4.943000
-1.726000 4.993000
-1.596000 5.044000
-1.457000 5.094000
-1.317000 5.144000
-1.178000 5.194000
-1.031000 5.244000
-0.872000 5.294000
-0.708000 5.345000
-0.563000 5.395000
-0.457000 5.445000
-0.401000 5.495000
-0.387000 5.545000
-0.402000 5.595000
-0.441000 5.646000
-0.508000 5.696000
-0.616000 5.746000
-0.762000 5.796000
-0.925000 5.846000
-1.061000 5.896000
-1.127000 5.947000
-1.103000 5.997000
-0.996000 6.047000
-0.844000 6.097000
-0.691000 6.147000
-0.573000 6.197000
-0.509000 6.248000
-0.502000 6.298000
-0.540000 6.348000
-0.605000 6.398000
-0.684000 6.448000
-0.766000 6.498000
-0.850000 6.549000
-0.939000 6.599000
-1.034000 6.649000
-1.134000 6.699000
-1.238000 6.749000
-1.341000 6.799000
-1.430000 6.850000
-1.489000 6.900000
-1.498000 6.950000
-1.450000 7.000000
-1.357000 7.050000
-1.243000 7.100000
-1.140000 7.151000
-1.070000 7.201000
-1.045000 7.251000
-1.064000 7.301000
-1.120000 7.351000
-1.210000 7.401000
-1.329000 7.452000
-1.470000 7.502000
-1.618000 7.552000
-1.753000 7.602000
-1.854000 7.652000
-1.901000 7.702000
-1.890000 7.753000
-1.830000 7.803000
-1.743000 7.853000
-1.661000 7.903000
-1.613000 7.953000
-1.620000 8.003000
-1.694000 8.054000
-1.839000 8.104000
-2.059000 8.154000
-2.355000 8.204000
-2.726000 8.254000
-3.168000 8.304000
-3.675000 8.355000
-4.247000 8.405000
-4.900000 8.455000
-5.674000 8.505000
-6.659000 8.555000
-8.008000 8.605000
-9.939000 8.656000
-12.672000 8.706000
-16.326000 8.756000
-20.798000 8.806000
-25.692000 8.856000
-30.359000 8.906000
-34.047000 8.957000
-36.108000 9.007000
-36.175000 9.057000
-34.251000 9.107000
-30.681000 9.157000
-26.052000 9.207000
-21.033000 9.258000
-16.225000 9.308000
-12.043000 9.358000
-8.683000 9.408000
-6.154000 9.458000
-4.349000 9.508000
-3.117000 9.559000
-2.309000 9.609000
-1.797000 9.659000
-1.487000 9.709000
-1.306000 9.759000
-1.204000 9.809000
-1.143000 9.860000
-1.095000 9.910000
-1.041000 9.960000
-0.972000 10.010000
-0.894000 10.060000
-0.820000 10.110000
-0.765000 10.161000
-0.737000 10.211000
-0.736000 10.261000
-0.762000 10.311000
-0.813000 10.361000
-0.891000 10.411000
-0.997000 10.462000
-1.129000 10.512000
-1.285000 10.562000
-1.463000 10.612000
-1.664000 10.662000
-1.884000 10.712000
-2.110000 10.763000
-2.314000 10.813000
-2.467000 10.863000
-2.554000 10.913000
-2.586000 10.963000
-2.600000 11.013000
-2.634000 11.064000
-2.712000 11.114000
-2.832000 11.164000
-2.967000 11.214000
-3.089000 11.264000
-3.177000 11.314000
-3.230000 11.365000
-3.267000 11.415000
-3.312000 11.465000
-3.379000 11.515000
-3.461000 11.565000
-3.533000 11.615000
-3.561000 11.666000
-3.522000 11.716000
-3.411000 11.766000
-3.247000 11.816000
-3.059000 11.866000
-2.868000 11.916000
-2.689000 11.967000
-2.519000 12.017000
-2.355000 12.067000
-2.198000 12.117000
-2.053000 12.167000
-1.926000 12.217000
-1.815000 12.268000
-1.706000 12.318000
-1.577000 12.368000
-1.416000 12.418000
-1.232000 12.468000
-1.050000 12.518000
-0.904000 12.569000
-0.813000 12.619000
-0.775000 12.669000
-0.773000 12.719000
-0.784000 12.769000
-0.787000 12.819000
-0.770000 12.870000
-0.730000 12.920000
-0.665000 12.970000
-0.579000 13.020000
-0.477000 13.070000
-0.371000 13.120000
-0.270000 13.171000
-0.183000 13.221000
-0.115000 13.271000
-0.066000 13.321000
-0.034000 13.371000
-0.016000 13.421000
0.000000 13.421000


# End of Property 1

# End of File