# Start of Integral
6.059000 1.628000
6.035000 1.578000
6.011000 1.527000
5.987000 1.477000
5.965000 1.427000
5.944000 1.377000
5.926000 1.327000
5.910000 1.277000
5.896000 1.226000
5.883000 1.176000
5.869000 1.126000
5.853000 1.076000
5.836000 1.026000
5.817000 0.976000
5.798000 0.925000
5.778000 0.875000
5.760000 0.825000
5.745000 0.775000
5.732000 0.725000
5.722000 0.675000
5.714000 0.624000
5.709000 0.574000
5.705000 0.524000
5.702000 0.474000
5.700000 0.424000
5.699000 0.374000
5.698000 0.323000
5.698000 0.273000
5.699000 0.223000
5.700000 0.173000
5.701000 0.123000
5.702000 0.073000
5.703000 0.022000
5.704000 -0.027000
5.705000 -0.077000
5.706000 -0.127000
5.709000 -0.177000
5.712000 -0.227000
5.716000 -0.278000
5.721000 -0.328000
5.727000 -0.378000
5.734000 -0.428000
5.740000 -0.478000
5.745000 -0.528000
5.750000 -0.579000
5.753000 -0.629000
5.756000 -0.679000
5.758000 -0.729000
5.760000 -0.779000
5.763000 -0.829000
5.767000 -0.880000
5.771000 -0.930000
5.776000 -0.980000
5.782000 -1.030000
5.788000 -1.080000
5.794000 -1.130000
5.799000 -1.181000
5.804000 -1.231000
5.809000 -1.281000
5.814000 -1.331000
5.818000 -1.381000
5.822000 -1.431000
5.824000 -1.482000
5.827000 -1.532000
5.829000 -1.582000
5.833000 -1.632000
5.838000 -1.682000
5.844000 -1.732000
5.851000 -1.783000
5.858000 -1.833000
5.864000 -1.883000
5.870000 -1.933000
5.873000 -1.983000
5.876000 -2.033000
5.877000 -2.084000
5.878000 -2.134000
5.878000 -2.184000
5.878000 -2.234000
5.878000 -2.284000
5.878000 -2.334000
5.879000 -2.385000
5.880000 -2.435000
5.884000 -2.485000
5.889000 -2.535000
5.895000 -2.585000
5.903000 -2.635000
5.911000 -2.686000
5.919000 -2.736000
5.927000 -2.786000
5.934000 -2.836000
5.940000 -2.886000
5.945000 -2.936000
5.949000 -2.987000
5.952000 -3.037000
5.955000 -3.087000
5.959000 -3.137000
5.963000 -3.187000
5.966000 -3.237000
5.970000 -3.288000
5.973000 -3.338000
5.976000 -3.388000
5.978000 -3.438000
5.979000 -3.488000
5.980000 -3.538000
5.981000 -3.589000
5.981000 -3.639000
5.982000 -3.689000
5.982000 -3.739000
5.981000 -3.789000
5.979000 -3.839000
5.976000 -3.890000
5.972000 -3.940000
5.967000 -3.990000
5.962000 -4.040000
5.956000 -4.090000
5.951000 -4.141000
5.946000 -4.191000
5.942000 -4.241000
5.938000 -4.291000
5.936000 -4.341000
5.935000 -4.391000
5.936000 -4.442000
5.937000 -4.492000
5.939000 -4.542000
5.942000 -4.592000
5.946000 -4.642000
5.950000 -4.692000
5.956000 -4.743000
5.962000 -4.793000
5.970000 -4.843000
5.980000 -4.893000
5.992000 -4.943000
6.007000 -4.993000
6.027000 -5.044000
6.054000 -5.094000
6.087000 -5.144000
6.129000 -5.194000
6.180000 -5.244000
6.239000 -5.294000
6.306000 -5.345000
6.379000 -5.395000
6.458000 -5.445000
6.542000 -5.495000
6.632000 -5.545000
6.728000 -5.595000
6.829000 -5.646000
6.936000 -5.696000
7.045000 -5.746000
7.154000 -5.796000
7.260000 -5.846000
7.361000 -5.896000
7.455000 -5.947000
7.542000 -5.997000
7.622000 -6.047000
7.696000 -6.097000
7.763000 -6.147000
7.824000 -6.197000
7.880000 -6.248000
7.931000 -6.298000
7.979000 -6.348000
8.026000 -6.398000
8.073000 -6.448000
8.121000 -6.498000
8.170000 -6.549000
8.218000 -6.599000
8.265000 -6.649000
8.311000 -6.699000
8.357000 -6.749000
8.404000 -6.799000
8.453000 -6.850000
8.504000 -6.900000
8.556000 -6.950000
8.607000 -7.000000
8.658000 -7.050000
8.708000 -7.100000
8.758000 -7.151000
8.809000 -7.201000
8.860000 -7.251000
8.914000 -7.301000
8.969000 -7.351000
9.027000 -7.401000
9.089000 -7.452000
9.155000 -7.502000
9.226000 -7.552000
9.302000 -7.602000
9.378000 -7.652000
9.452000 -7.702000
9.519000 -7.753000
9.576000 -7.803000
9.617000 -7.853000
9.644000 -7.903000
9.655000 -7.953000
9.652000 -8.003000
9.640000 -8.054000
9.622000 -8.104000
9.599000 -8.154000
9.574000 -8.204000
9.547000 -8.254000
9.518000 -8.304000
9.486000 -8.355000
9.452000 -8.405000
9.420000 -8.455000
9.390000 -8.505000
9.365000 -8.555000
9.344000 -8.605000
9.324000 -8.656000
9.294000 -8.706000
9.239000 -8.756000
9.132000 -8.806000
8.947000 -8.856000
8.667000 -8.906000
8.287000 -8.957000
7.828000 -9.007000
7.323000 -9.057000
6.812000 -9.107000
6.327000 -9.157000
5.889000 -9.207000
5.501000 -9.258000
5.158000 -9.308000
4.854000 -9.358000
4.580000 -9.408000
4.332000 -9.458000
4.106000 -9.508000
3.900000 -9.559000
3.713000 -9.609000
3.545000 -9.659000
3.393000 -9.709000
3.258000 -9.759000
3.137000 -9.809000
3.028000 -9.860000
2.928000 -9.910000
2.837000 -9.960000
2.753000 -10.010000
2.675000 -10.060000
2.601000 -10.110000
2.531000 -10.161000
2.464000 -10.211000
2.399000 -10.261000
2.337000 -10.311000
2.276000 -10.361000
2.216000 -10.411000
2.158000 -10.462000
2.101000 -10.512000
2.045000 -10.562000
1.990000 -10.612000
1.935000 -10.662000
1.880000 -10.712000
1.822000 -10.763000
1.762000 -10.813000
1.697000 -10.863000
1.627000 -10.913000
1.553000 -10.963000
1.473000 -11.013000
1.389000 -11.064000
1.301000 -11.114000
1.214000 -11.164000
1.128000 -11.214000
1.047000 -11.264000
0.974000 -11.314000
0.908000 -11.365000
0.849000 -11.415000
0.797000 -11.465000
0.748000 -11.515000
0.702000 -11.565000
0.655000 -11.615000
0.608000 -11.666000
0.560000 -11.716000
0.511000 -11.766000
0.464000 -11.816000
0.419000 -11.866000
0.378000 -11.916000
0.342000 -11.967000
0.311000 -12.017000
0.285000 -12.067000
0.262000 -12.117000
0.241000 -12.167000
0.222000 -12.217000
0.204000 -12.268000
0.188000 -12.318000
0.174000 -12.368000
0.162000 -12.418000
0.153000 -12.468000
0.146000 -12.518000
0.141000 -12.569000
0.137000 -12.619000
0.133000 -12.669000
0.130000 -12.719000
0.127000 -12.769000
0.124000 -12.819000
0.122000 -12.870000
0.120000 -12.920000
0.118000 -12.970000
0.117000 -13.020000
0.116000 -13.070000
0.115000 -13.120000
0.115000 -13.171000
0.114000 -13.221000
0.114000 -13.271000
0.114000 -13.321000
0.114000 -13.371000
0.114000 -13.421000
0.114000 -13.421000

# End of Integral


# End of Property 1

# End of File