# Start of Property 1
0.000000 -1.628000
1.862000 -1.578000
1.991000 -1.527000
2.049000 -1.477000
2.018000 -1.427000
1.905000 -1.377000
1.746000 -1.327000
1.594000 -1.277000
1.504000 -1.226000
1.517000 -1.176000
1.649000 -1.126000
1.887000 -1.076000
2.195000 -1.026000
2.520000 -0.976000
2.808000 -0.925000
3.011000 -0.875000
3.095000 -0.825000
3.052000 -0.775000
2.903000 -0.725000
2.694000 -0.675000
2.480000 -0.624000
2.296000 -0.574000
2.148000 -0.524000
2.012000 -0.474000
1.867000 -0.424000
1.719000 -0.374000
1.611000 -0.323000
1.605000 -0.273000
1.742000 -0.223000
2.010000 -0.173000
2.338000 -0.123000
2.626000 -0.073000
2.787000 -0.022000
2.785000 0.027000
2.649000 0.077000
2.449000 0.127000
2.252000 0.177000
2.090000 0.227000
1.957000 0.278000
1.835000 0.328000
1.722000 0.378000
1.635000 0.428000
1.599000 0.478000
1.625000 0.528000
1.704000 0.579000
1.822000 0.629000
1.977000 0.679000
2.178000 0.729000
2.430000 0.779000
2.707000 0.829000
2.944000 0.880000
3.059000 0.930000
2.992000 0.980000
2.734000 1.030000
2.336000 1.080000
1.886000 1.130000
1.479000 1.181000
1.178000 1.231000
1.003000 1.281000
0.931000 1.331000
0.924000 1.381000
0.950000 1.431000
0.995000 1.482000
1.068000 1.532000
1.186000 1.582000
1.359000 1.632000
1.577000 1.682000
1.800000 1.732000
1.964000 1.783000
2.003000 1.833000
1.892000 1.883000
1.669000 1.933000
1.422000 1.983000
1.249000 2.033000
1.208000 2.084000
1.291000 2.134000
1.432000 2.184000
1.552000 2.234000
1.594000 2.284000
1.554000 2.334000
1.469000 2.385000
1.390000 2.435000
1.351000 2.485000
1.359000 2.535000
1.395000 2.585000
1.436000 2.635000
1.461000 2.686000
1.463000 2.736000
1.443000 2.786000
1.413000 2.836000
1.393000 2.886000
1.396000 2.936000
1.426000 2.987000
1.475000 3.037000
1.529000 3.087000
1.583000 3.137000
1.635000 3.187000
1.682000 3.237000
1.721000 3.288000
1.748000 3.338000
1.761000 3.388000
1.765000 3.438000
1.763000 3.488000
1.760000 3.538000
1.753000 3.589000
1.736000 3.639000
1.709000 3.689000
1.687000 3.739000
1.692000 3.789000
1.750000 3.839000
1.875000 3.890000
2.057000 3.940000
2.266000 3.990000
2.459000 4.040000
2.598000 4.090000
2.662000 4.141000
2.659000 4.191000
2.622000 4.241000
2.603000 4.291000
2.650000 4.341000
2.792000 4.391000
3.030000 4.442000
3.331000 4.492000
3.637000 4.542000
3.884000 4.592000
4.026000 4.642000
4.047000 4.692000
3.959000 4.743000
3.797000 4.793000
3.598000 4.843000
3.404000 4.893000
3.264000 4.943000
3.230000 4.993000
3.344000 5.044000
3.613000 5.094000
3.997000 5.144000
4.412000 5.194000
4.773000 5.244000
5.028000 5.294000
5.182000 5.345000
5.287000 5.395000
5.413000 5.445000
5.616000 5.495000
5.919000 5.545000
6.309000 5.595000
6.746000 5.646000
7.171000 5.696000
7.525000 5.746000
7.760000 5.796000
7.845000 5.846000
7.766000 5.896000
7.525000 5.947000
7.134000 5.997000
6.626000 6.047000
6.039000 6.097000
5.413000 6.147000
4.786000 6.197000
4.195000 6.248000
3.681000 6.298000
3.287000 6.348000
3.032000 6.398000
2.898000 6.448000
2.835000 6.498000
2.790000 6.549000
2.726000 6.599000
2.637000 6.649000
2.536000 6.699000
2.438000 6.749000
2.347000 6.799000
2.254000 6.850000
2.144000 6.900000
2.007000 6.950000
1.842000 7.000000
1.660000 7.050000
1.476000 7.100000
1.299000 7.151000
1.129000 7.201000
0.954000 7.251000
0.760000 7.301000
0.533000 7.351000
0.266000 7.401000
-0.041000 7.452000
-0.387000 7.502000
-0.766000 7.552000
-1.173000 7.602000
-1.600000 7.652000
-2.037000 7.702000
-2.464000 7.753000
-2.859000 7.803000
-3.207000 7.853000
-3.499000 7.903000
-3.739000 7.953000
-3.935000 8.003000
-4.101000 8.054000
-4.257000 8.104000
-4.428000 8.154000
-4.635000 8.204000
-4.890000 8.254000
-5.182000 8.304000
-5.483000 8.355000
-5.766000 8.405000
-6.028000 8.455000
-6.316000 8.505000
-6.741000 8.555000
-7.482000 8.605000
-8.768000 8.656000
-10.827000 8.706000
-13.786000 8.756000
-17.567000 8.806000
-21.803000 8.856000
-25.852000 8.906000
-28.924000 8.957000
-30.319000 9.007000
-29.684000 9.057000
-27.161000 9.107000
-23.332000 9.157000
-18.985000 9.207000
-14.828000 9.258000
-11.303000 9.308000
-8.558000 9.358000
-6.533000 9.408000
-5.080000 9.458000
-4.046000 9.508000
-3.308000 9.559000
-2.784000 9.609000
-2.419000 9.659000
-2.179000 9.709000
-2.038000 9.759000
-1.972000 9.809000
-1.951000 9.860000
-1.942000 9.910000
-1.920000 9.960000
-1.871000 10.010000
-1.805000 10.060000
-1.742000 10.110000
-1.708000 10.161000
-1.714000 10.211000
-1.750000 10.261000
-1.793000 10.311000
-1.817000 10.361000
-1.807000 10.411000
-1.765000 10.462000
-1.710000 10.512000
-1.673000 10.562000
-1.685000 10.612000
-1.765000 10.662000
-1.900000 10.712000
-2.056000 10.763000
-2.186000 10.813000
-2.255000 10.863000
-2.256000 10.913000
-2.208000 10.963000
-2.141000 11.013000
-2.078000 11.064000
-2.027000 11.114000
-1.983000 11.164000
-1.936000 11.214000
-1.881000 11.264000
-1.820000 11.314000
-1.761000 11.365000
-1.717000 11.415000
-1.696000 11.465000
-1.701000 11.515000
-1.718000 11.565000
-1.726000 11.615000
-1.706000 11.666000
-1.645000 11.716000
-1.550000 11.766000
-1.431000 11.816000
-1.300000 11.866000
-1.165000 11.916000
-1.029000 11.967000
-0.898000 12.017000
-0.777000 12.067000
-0.671000 12.117000
-0.582000 12.167000
-0.508000 12.217000
-0.443000 12.268000
-0.381000 12.318000
-0.319000 12.368000
-0.258000 12.418000
-0.201000 12.468000
-0.151000 12.518000
-0.111000 12.569000
-0.081000 12.619000
-0.059000 12.669000
-0.043000 12.719000
-0.029000 12.769000
-0.016000 12.819000
-0.005000 12.870000
0.002000 12.920000
0.007000 12.970000
0.009000 13.020000
0.007000 13.070000
0.005000 13.120000
0.003000 13.171000
0.002000 13.221000
0.001000 13.271000
0.000000 13.321000
0.000000 13.371000
0.000000 13.421000
0.000000 13.421000


# End of Property 1

# End of File