# Start of Integral
25.748000 1.628000
25.809000 1.578000
25.876000 1.527000
25.946000 1.477000
26.018000 1.427000
26.088000 1.377000
26.157000 1.327000
26.225000 1.277000
26.297000 1.226000
26.376000 1.176000
26.469000 1.126000
26.582000 1.076000
26.718000 1.026000
26.876000 0.976000
27.053000 0.925000
27.241000 0.875000
27.431000 0.825000
27.618000 0.775000
27.796000 0.725000
27.963000 0.675000
28.118000 0.624000
28.259000 0.574000
28.385000 0.524000
28.495000 0.474000
28.592000 0.424000
28.681000 0.374000
28.769000 0.323000
28.865000 0.273000
28.975000 0.223000
29.098000 0.173000
29.231000 0.123000
29.365000 0.073000
29.491000 0.022000
29.602000 -0.027000
29.696000 -0.077000
29.776000 -0.127000
29.848000 -0.177000
29.918000 -0.227000
29.993000 -0.278000
30.075000 -0.328000
30.166000 -0.378000
30.264000 -0.428000
30.365000 -0.478000
30.466000 -0.528000
30.562000 -0.579000
30.652000 -0.629000
30.734000 -0.679000
30.811000 -0.729000
30.886000 -0.779000
30.963000 -0.829000
31.045000 -0.880000
31.134000 -0.930000
31.226000 -0.980000
31.317000 -1.030000
31.402000 -1.080000
31.481000 -1.130000
31.555000 -1.181000
31.628000 -1.231000
31.702000 -1.281000
31.778000 -1.331000
31.855000 -1.381000
31.930000 -1.431000
31.999000 -1.482000
32.062000 -1.532000
32.120000 -1.582000
32.176000 -1.632000
32.233000 -1.682000
32.291000 -1.732000
32.349000 -1.783000
32.407000 -1.833000
32.460000 -1.883000
32.508000 -1.933000
32.552000 -1.983000
32.598000 -2.033000
32.650000 -2.084000
32.714000 -2.134000
32.790000 -2.184000
32.874000 -2.234000
32.958000 -2.284000
33.037000 -2.334000
33.106000 -2.385000
33.164000 -2.435000
33.214000 -2.485000
33.259000 -2.535000
33.302000 -2.585000
33.344000 -2.635000
33.384000 -2.686000
33.422000 -2.736000
33.456000 -2.786000
33.486000 -2.836000
33.511000 -2.886000
33.531000 -2.936000
33.547000 -2.987000
33.560000 -3.037000
33.570000 -3.087000
33.578000 -3.137000
33.582000 -3.187000
33.584000 -3.237000
33.581000 -3.288000
33.576000 -3.338000
33.568000 -3.388000
33.559000 -3.438000
33.551000 -3.488000
33.544000 -3.538000
33.540000 -3.589000
33.536000 -3.639000
33.532000 -3.689000
33.526000 -3.739000
33.518000 -3.789000
33.506000 -3.839000
33.491000 -3.890000
33.473000 -3.940000
33.454000 -3.990000
33.432000 -4.040000
33.408000 -4.090000
33.380000 -4.141000
33.344000 -4.191000
33.297000 -4.241000
33.235000 -4.291000
33.154000 -4.341000
33.052000 -4.391000
32.932000 -4.442000
32.795000 -4.492000
32.649000 -4.542000
32.500000 -4.592000
32.355000 -4.642000
32.219000 -4.692000
32.094000 -4.743000
31.981000 -4.793000
31.876000 -4.843000
31.778000 -4.893000
31.686000 -4.943000
31.599000 -4.993000
31.519000 -5.044000
31.446000 -5.094000
31.380000 -5.144000
31.321000 -5.194000
31.269000 -5.244000
31.225000 -5.294000
31.190000 -5.345000
31.162000 -5.395000
31.139000 -5.445000
31.119000 -5.495000
31.099000 -5.545000
31.079000 -5.595000
31.057000 -5.646000
31.031000 -5.696000
31.000000 -5.746000
30.962000 -5.796000
30.916000 -5.846000
30.862000 -5.896000
30.806000 -5.947000
30.750000 -5.997000
30.700000 -6.047000
30.658000 -6.097000
30.623000 -6.147000
30.595000 -6.197000
30.569000 -6.248000
30.544000 -6.298000
30.517000 -6.348000
30.486000 -6.398000
30.452000 -6.448000
30.414000 -6.498000
30.371000 -6.549000
30.324000 -6.599000
30.272000 -6.649000
30.215000 -6.699000
30.153000 -6.749000
30.086000 -6.799000
30.014000 -6.850000
29.939000 -6.900000
29.864000 -6.950000
29.791000 -7.000000
29.723000 -7.050000
29.661000 -7.100000
29.603000 -7.151000
29.550000 -7.201000
29.497000 -7.251000
29.444000 -7.301000
29.388000 -7.351000
29.327000 -7.401000
29.260000 -7.452000
29.186000 -7.502000
29.105000 -7.552000
29.017000 -7.602000
28.924000 -7.652000
28.829000 -7.702000
28.734000 -7.753000
28.642000 -7.803000
28.555000 -7.853000
28.471000 -7.903000
28.390000 -7.953000
28.309000 -8.003000
28.224000 -8.054000
28.132000 -8.104000
28.028000 -8.154000
27.910000 -8.204000
27.774000 -8.254000
27.615000 -8.304000
27.430000 -8.355000
27.217000 -8.405000
26.971000 -8.455000
26.687000 -8.505000
26.352000 -8.555000
25.951000 -8.605000
25.452000 -8.656000
24.816000 -8.706000
23.997000 -8.756000
22.954000 -8.806000
21.665000 -8.856000
20.142000 -8.906000
18.434000 -8.957000
16.622000 -9.007000
14.808000 -9.057000
13.089000 -9.107000
11.550000 -9.157000
10.243000 -9.207000
9.188000 -9.258000
8.374000 -9.308000
7.770000 -9.358000
7.334000 -9.408000
7.025000 -9.458000
6.807000 -9.508000
6.651000 -9.559000
6.535000 -9.609000
6.445000 -9.659000
6.370000 -9.709000
6.305000 -9.759000
6.244000 -9.809000
6.187000 -9.860000
6.132000 -9.910000
6.080000 -9.960000
6.031000 -10.010000
5.986000 -10.060000
5.945000 -10.110000
5.906000 -10.161000
5.869000 -10.211000
5.832000 -10.261000
5.794000 -10.311000
5.753000 -10.361000
5.709000 -10.411000
5.658000 -10.462000
5.602000 -10.512000
5.537000 -10.562000
5.464000 -10.612000
5.380000 -10.662000
5.286000 -10.712000
5.180000 -10.763000
5.064000 -10.813000
4.940000 -10.863000
4.812000 -10.913000
4.682000 -10.963000
4.552000 -11.013000
4.420000 -11.064000
4.284000 -11.114000
4.141000 -11.164000
3.993000 -11.214000
3.838000 -11.264000
3.678000 -11.314000
3.516000 -11.365000
3.352000 -11.415000
3.186000 -11.465000
3.016000 -11.515000
2.843000 -11.565000
2.666000 -11.615000
2.487000 -11.666000
2.310000 -11.716000
2.139000 -11.766000
1.976000 -11.816000
1.823000 -11.866000
1.679000 -11.916000
1.544000 -11.967000
1.417000 -12.017000
1.299000 -12.067000
1.189000 -12.117000
1.086000 -12.167000
0.989000 -12.217000
0.898000 -12.268000
0.813000 -12.318000
0.733000 -12.368000
0.662000 -12.418000
0.601000 -12.468000
0.548000 -12.518000
0.502000 -12.569000
0.462000 -12.619000
0.423000 -12.669000
0.384000 -12.719000
0.345000 -12.769000
0.305000 -12.819000
0.266000 -12.870000
0.230000 -12.920000
0.196000 -12.970000
0.167000 -13.020000
0.143000 -13.070000
0.125000 -13.120000
0.111000 -13.171000
0.102000 -13.221000
0.096000 -13.271000
0.093000 -13.321000
0.091000 -13.371000
0.090000 -13.421000
0.090000 -13.421000

# End of Integral


# End of Property 1

# End of File