# Start of Integral
1.743000 1.628000
1.837000 1.578000
1.937000 1.527000
2.039000 1.477000
2.141000 1.427000
2.236000 1.377000
2.324000 1.327000
2.404000 1.277000
2.479000 1.226000
2.555000 1.176000
2.638000 1.126000
2.733000 1.076000
2.843000 1.026000
2.970000 0.976000
3.110000 0.925000
3.262000 0.875000
3.417000 0.825000
3.570000 0.775000
3.716000 0.725000
3.851000 0.675000
3.975000 0.624000
4.090000 0.574000
4.198000 0.524000
4.299000 0.474000
4.393000 0.424000
4.479000 0.374000
4.560000 0.323000
4.641000 0.273000
4.728000 0.223000
4.829000 0.173000
4.946000 0.123000
5.078000 0.073000
5.218000 0.022000
5.357000 -0.027000
5.490000 -0.077000
5.613000 -0.127000
5.726000 -0.177000
5.831000 -0.227000
5.929000 -0.278000
6.021000 -0.328000
6.108000 -0.378000
6.190000 -0.428000
6.270000 -0.478000
6.352000 -0.528000
6.437000 -0.579000
6.529000 -0.629000
6.628000 -0.679000
6.737000 -0.729000
6.859000 -0.779000
6.995000 -0.829000
7.143000 -0.880000
7.296000 -0.930000
7.446000 -0.980000
7.583000 -1.030000
7.701000 -1.080000
7.795000 -1.130000
7.869000 -1.181000
7.929000 -1.231000
7.979000 -1.281000
8.026000 -1.331000
8.072000 -1.381000
8.120000 -1.431000
8.170000 -1.482000
8.223000 -1.532000
8.283000 -1.582000
8.351000 -1.632000
8.430000 -1.682000
8.520000 -1.732000
8.619000 -1.783000
8.719000 -1.833000
8.814000 -1.883000
8.898000 -1.933000
8.970000 -1.983000
9.032000 -2.033000
9.093000 -2.084000
9.158000 -2.134000
9.230000 -2.184000
9.307000 -2.234000
9.387000 -2.284000
9.465000 -2.334000
9.539000 -2.385000
9.609000 -2.435000
9.677000 -2.485000
9.745000 -2.535000
9.815000 -2.585000
9.887000 -2.635000
9.960000 -2.686000
10.034000 -2.736000
10.106000 -2.786000
10.177000 -2.836000
10.247000 -2.886000
10.317000 -2.936000
10.389000 -2.987000
10.463000 -3.037000
10.539000 -3.087000
10.619000 -3.137000
10.701000 -3.187000
10.785000 -3.237000
10.872000 -3.288000
10.959000 -3.338000
11.048000 -3.388000
11.136000 -3.438000
11.225000 -3.488000
11.313000 -3.538000
11.401000 -3.589000
11.488000 -3.639000
11.574000 -3.689000
11.658000 -3.739000
11.743000 -3.789000
11.831000 -3.839000
11.925000 -3.890000
12.029000 -3.940000
12.142000 -3.990000
12.266000 -4.040000
12.396000 -4.090000
12.530000 -4.141000
12.663000 -4.191000
12.795000 -4.241000
12.925000 -4.291000
13.058000 -4.341000
13.198000 -4.391000
13.350000 -4.442000
13.517000 -4.492000
13.700000 -4.542000
13.895000 -4.592000
14.097000 -4.642000
14.300000 -4.692000
14.498000 -4.743000
14.689000 -4.793000
14.869000 -4.843000
15.040000 -4.893000
15.204000 -4.943000
15.366000 -4.993000
15.534000 -5.044000
15.715000 -5.094000
15.916000 -5.144000
16.137000 -5.194000
16.376000 -5.244000
16.629000 -5.294000
16.889000 -5.345000
17.154000 -5.395000
17.426000 -5.445000
17.707000 -5.495000
18.004000 -5.545000
18.321000 -5.595000
18.659000 -5.646000
19.019000 -5.696000
19.397000 -5.746000
19.786000 -5.796000
20.179000 -5.846000
20.569000 -5.896000
20.947000 -5.947000
21.305000 -5.997000
21.637000 -6.047000
21.940000 -6.097000
22.212000 -6.147000
22.452000 -6.197000
22.662000 -6.248000
22.847000 -6.298000
23.012000 -6.348000
23.164000 -6.398000
23.309000 -6.448000
23.452000 -6.498000
23.592000 -6.549000
23.728000 -6.599000
23.861000 -6.649000
23.988000 -6.699000
24.110000 -6.749000
24.228000 -6.799000
24.341000 -6.850000
24.449000 -6.900000
24.549000 -6.950000
24.642000 -7.000000
24.725000 -7.050000
24.799000 -7.100000
24.864000 -7.151000
24.921000 -7.201000
24.969000 -7.251000
25.007000 -7.301000
25.034000 -7.351000
25.047000 -7.401000
25.045000 -7.452000
25.026000 -7.502000
24.987000 -7.552000
24.929000 -7.602000
24.848000 -7.652000
24.746000 -7.702000
24.622000 -7.753000
24.479000 -7.803000
24.318000 -7.853000
24.142000 -7.903000
23.955000 -7.953000
23.757000 -8.003000
23.552000 -8.054000
23.338000 -8.104000
23.116000 -8.154000
22.883000 -8.204000
22.638000 -8.254000
22.378000 -8.304000
22.103000 -8.355000
21.814000 -8.405000
21.511000 -8.455000
21.194000 -8.505000
20.856000 -8.555000
20.481000 -8.605000
20.041000 -8.656000
19.498000 -8.706000
18.806000 -8.756000
17.925000 -8.806000
16.831000 -8.856000
15.534000 -8.906000
14.083000 -8.957000
12.562000 -9.007000
11.073000 -9.057000
9.710000 -9.107000
8.540000 -9.157000
7.587000 -9.207000
6.843000 -9.258000
6.276000 -9.308000
5.847000 -9.358000
5.519000 -9.408000
5.264000 -9.458000
5.061000 -9.508000
4.895000 -9.559000
4.755000 -9.609000
4.634000 -9.659000
4.525000 -9.709000
4.423000 -9.759000
4.324000 -9.809000
4.226000 -9.860000
4.128000 -9.910000
4.032000 -9.960000
3.938000 -10.010000
3.847000 -10.060000
3.760000 -10.110000
3.674000 -10.161000
3.588000 -10.211000
3.501000 -10.261000
3.411000 -10.311000
3.319000 -10.361000
3.229000 -10.411000
3.140000 -10.462000
3.054000 -10.512000
2.970000 -10.562000
2.886000 -10.612000
2.797000 -10.662000
2.702000 -10.712000
2.599000 -10.763000
2.489000 -10.813000
2.376000 -10.863000
2.263000 -10.913000
2.152000 -10.963000
2.044000 -11.013000
1.940000 -11.064000
1.838000 -11.114000
1.739000 -11.164000
1.642000 -11.214000
1.547000 -11.264000
1.456000 -11.314000
1.368000 -11.365000
1.282000 -11.415000
1.196000 -11.465000
1.111000 -11.515000
1.025000 -11.565000
0.938000 -11.615000
0.853000 -11.666000
0.770000 -11.716000
0.692000 -11.766000
0.621000 -11.816000
0.555000 -11.866000
0.497000 -11.916000
0.445000 -11.967000
0.400000 -12.017000
0.361000 -12.067000
0.327000 -12.117000
0.298000 -12.167000
0.273000 -12.217000
0.251000 -12.268000
0.231000 -12.318000
0.215000 -12.368000
0.202000 -12.418000
0.192000 -12.468000
0.185000 -12.518000
0.179000 -12.569000
0.175000 -12.619000
0.172000 -12.669000
0.170000 -12.719000
0.168000 -12.769000
0.168000 -12.819000
0.167000 -12.870000
0.167000 -12.920000
0.168000 -12.970000
0.168000 -13.020000
0.169000 -13.070000
0.169000 -13.120000
0.169000 -13.171000
0.169000 -13.221000
0.169000 -13.271000
0.169000 -13.321000
0.169000 -13.371000
0.169000 -13.421000
0.169000 -13.421000

# End of Integral


# End of Property 1

# End of File