# Start of Integral
0.729000 1.628000
0.747000 1.578000
0.768000 1.527000
0.793000 1.477000
0.820000 1.427000
0.851000 1.377000
0.885000 1.327000
0.926000 1.277000
0.976000 1.226000
1.042000 1.176000
1.130000 1.126000
1.246000 1.076000
1.392000 1.026000
1.567000 0.976000
1.767000 0.925000
1.983000 0.875000
2.205000 0.825000
2.426000 0.775000
2.643000 0.725000
2.852000 0.675000
3.050000 0.624000
3.232000 0.574000
3.393000 0.524000
3.531000 0.474000
3.648000 0.424000
3.755000 0.374000
3.862000 0.323000
3.983000 0.273000
4.125000 0.223000
4.284000 0.173000
4.450000 0.123000
4.607000 0.073000
4.742000 0.022000
4.848000 -0.027000
4.923000 -0.077000
4.975000 -0.127000
5.013000 -0.177000
5.047000 -0.227000
5.087000 -0.278000
5.139000 -0.328000
5.207000 -0.378000
5.293000 -0.428000
5.396000 -0.478000
5.511000 -0.528000
5.633000 -0.579000
5.752000 -0.629000
5.860000 -0.679000
5.950000 -0.729000
6.020000 -0.779000
6.069000 -0.829000
6.103000 -0.880000
6.125000 -0.930000
6.141000 -0.980000
6.156000 -1.030000
6.171000 -1.080000
6.194000 -1.130000
6.226000 -1.181000
6.273000 -1.231000
6.337000 -1.281000
6.416000 -1.331000
6.506000 -1.381000
6.600000 -1.431000
6.691000 -1.482000
6.772000 -1.532000
6.837000 -1.582000
6.886000 -1.632000
6.919000 -1.682000
6.940000 -1.732000
6.952000 -1.783000
6.959000 -1.833000
6.965000 -1.883000
6.973000 -1.933000
6.987000 -1.983000
7.010000 -2.033000
7.047000 -2.084000
7.098000 -2.134000
7.162000 -2.184000
7.234000 -2.234000
7.308000 -2.284000
7.375000 -2.334000
7.432000 -2.385000
7.476000 -2.435000
7.510000 -2.485000
7.537000 -2.535000
7.559000 -2.585000
7.580000 -2.635000
7.599000 -2.686000
7.619000 -2.736000
7.639000 -2.786000
7.660000 -2.836000
7.682000 -2.886000
7.706000 -2.936000
7.732000 -2.987000
7.758000 -3.037000
7.784000 -3.087000
7.810000 -3.137000
7.833000 -3.187000
7.855000 -3.237000
7.876000 -3.288000
7.895000 -3.338000
7.913000 -3.388000
7.931000 -3.438000
7.947000 -3.488000
7.962000 -3.538000
7.977000 -3.589000
7.992000 -3.639000
8.007000 -3.689000
8.025000 -3.739000
8.044000 -3.789000
8.067000 -3.839000
8.092000 -3.890000
8.120000 -3.940000
8.149000 -3.990000
8.180000 -4.040000
8.211000 -4.090000
8.244000 -4.141000
8.279000 -4.191000
8.316000 -4.241000
8.358000 -4.291000
8.405000 -4.341000
8.458000 -4.391000
8.518000 -4.442000
8.581000 -4.492000
8.648000 -4.542000
8.713000 -4.592000
8.776000 -4.642000
8.833000 -4.692000
8.883000 -4.743000
8.927000 -4.793000
8.967000 -4.843000
9.007000 -4.893000
9.051000 -4.943000
9.104000 -4.993000
9.168000 -5.044000
9.243000 -5.094000
9.329000 -5.144000
9.422000 -5.194000
9.515000 -5.244000
9.605000 -5.294000
9.688000 -5.345000
9.762000 -5.395000
9.829000 -5.445000
9.888000 -5.495000
9.942000 -5.545000
9.991000 -5.595000
10.037000 -5.646000
10.079000 -5.696000
10.120000 -5.746000
10.158000 -5.796000
10.195000 -5.846000
10.228000 -5.896000
10.257000 -5.947000
10.280000 -5.997000
10.296000 -6.047000
10.305000 -6.097000
10.309000 -6.147000
10.311000 -6.197000
10.314000 -6.248000
10.320000 -6.298000
10.331000 -6.348000
10.345000 -6.398000
10.360000 -6.448000
10.376000 -6.498000
10.390000 -6.549000
10.401000 -6.599000
10.411000 -6.649000
10.417000 -6.699000
10.419000 -6.749000
10.416000 -6.799000
10.409000 -6.850000
10.398000 -6.900000
10.383000 -6.950000
10.365000 -7.000000
10.346000 -7.050000
10.324000 -7.100000
10.300000 -7.151000
10.273000 -7.201000
10.244000 -7.251000
10.212000 -7.301000
10.176000 -7.351000
10.135000 -7.401000
10.089000 -7.452000
10.038000 -7.502000
9.984000 -7.552000
9.929000 -7.602000
9.874000 -7.652000
9.821000 -7.702000
9.768000 -7.753000
9.717000 -7.803000
9.663000 -7.853000
9.606000 -7.903000
9.542000 -7.953000
9.468000 -8.003000
9.384000 -8.054000
9.288000 -8.104000
9.182000 -8.154000
9.067000 -8.204000
8.946000 -8.254000
8.822000 -8.304000
8.698000 -8.355000
8.574000 -8.405000
8.451000 -8.455000
8.325000 -8.505000
8.189000 -8.555000
8.036000 -8.605000
7.854000 -8.656000
7.635000 -8.706000
7.371000 -8.756000
7.057000 -8.806000
6.694000 -8.856000
6.283000 -8.906000
5.832000 -8.957000
5.351000 -9.007000
4.857000 -9.057000
4.373000 -9.107000
3.923000 -9.157000
3.529000 -9.207000
3.202000 -9.258000
2.942000 -9.308000
2.744000 -9.358000
2.594000 -9.408000
2.482000 -9.458000
2.395000 -9.508000
2.327000 -9.559000
2.272000 -9.609000
2.226000 -9.659000
2.185000 -9.709000
2.150000 -9.759000
2.118000 -9.809000
2.089000 -9.860000
2.063000 -9.910000
2.041000 -9.960000
2.019000 -10.010000
1.999000 -10.060000
1.978000 -10.110000
1.956000 -10.161000
1.932000 -10.211000
1.906000 -10.261000
1.880000 -10.311000
1.856000 -10.361000
1.832000 -10.411000
1.810000 -10.462000
1.787000 -10.512000
1.761000 -10.562000
1.733000 -10.612000
1.700000 -10.662000
1.664000 -10.712000
1.625000 -10.763000
1.583000 -10.813000
1.538000 -10.863000
1.489000 -10.913000
1.437000 -10.963000
1.382000 -11.013000
1.326000 -11.064000
1.269000 -11.114000
1.213000 -11.164000
1.158000 -11.214000
1.106000 -11.264000
1.057000 -11.314000
1.010000 -11.365000
0.965000 -11.415000
0.921000 -11.465000
0.876000 -11.515000
0.831000 -11.565000
0.784000 -11.615000
0.736000 -11.666000
0.688000 -11.716000
0.641000 -11.766000
0.594000 -11.816000
0.546000 -11.866000
0.496000 -11.916000
0.444000 -11.967000
0.390000 -12.017000
0.337000 -12.067000
0.286000 -12.117000
0.239000 -12.167000
0.198000 -12.217000
0.163000 -12.268000
0.133000 -12.318000
0.107000 -12.368000
0.086000 -12.418000
0.068000 -12.468000
0.055000 -12.518000
0.046000 -12.569000
0.040000 -12.619000
0.035000 -12.669000
0.032000 -12.719000
0.029000 -12.769000
0.025000 -12.819000
0.020000 -12.870000
0.016000 -12.920000
0.011000 -12.970000
0.006000 -13.020000
0.002000 -13.070000
-0.001000 -13.120000
-0.004000 -13.171000
-0.006000 -13.221000
-0.008000 -13.271000
-0.009000 -13.321000
-0.009000 -13.371000
-0.010000 -13.421000
-0.010000 -13.421000

# End of Integral


# End of Property 1

# End of File