# Start of Property 1
0.000000 -1.628000
0.358000 -1.578000
0.427000 -1.527000
0.492000 -1.477000
0.550000 -1.427000
0.608000 -1.377000
0.684000 -1.327000
0.806000 -1.277000
1.006000 -1.226000
1.317000 -1.176000
1.752000 -1.126000
2.301000 -1.076000
2.911000 -1.026000
3.501000 -0.976000
3.983000 -0.925000
4.295000 -0.875000
4.426000 -0.825000
4.416000 -0.775000
4.319000 -0.725000
4.165000 -0.675000
3.945000 -0.624000
3.628000 -0.574000
3.211000 -0.524000
2.747000 -0.474000
2.341000 -0.424000
2.116000 -0.374000
2.145000 -0.323000
2.417000 -0.273000
2.818000 -0.223000
3.170000 -0.173000
3.306000 -0.123000
3.138000 -0.073000
2.694000 -0.022000
2.097000 0.027000
1.501000 0.077000
1.030000 0.127000
0.754000 0.177000
0.685000 0.227000
0.794000 0.278000
1.038000 0.328000
1.362000 0.378000
1.715000 0.428000
2.044000 0.478000
2.296000 0.528000
2.419000 0.579000
2.374000 0.629000
2.155000 0.679000
1.800000 0.729000
1.384000 0.779000
0.987000 0.829000
0.667000 0.880000
0.447000 0.930000
0.323000 0.980000
0.281000 1.030000
0.318000 1.080000
0.440000 1.130000
0.651000 1.181000
0.939000 1.231000
1.267000 1.281000
1.573000 1.331000
1.794000 1.381000
1.879000 1.431000
1.812000 1.482000
1.607000 1.532000
1.307000 1.582000
0.973000 1.632000
0.659000 1.682000
0.408000 1.732000
0.235000 1.783000
0.141000 1.833000
0.117000 1.883000
0.161000 1.933000
0.277000 1.983000
0.469000 2.033000
0.728000 2.084000
1.019000 2.134000
1.278000 2.184000
1.441000 2.234000
1.461000 2.284000
1.343000 2.334000
1.130000 2.385000
0.890000 2.435000
0.680000 2.485000
0.530000 2.535000
0.444000 2.585000
0.405000 2.635000
0.392000 2.686000
0.392000 2.736000
0.400000 2.786000
0.416000 2.836000
0.443000 2.886000
0.477000 2.936000
0.508000 2.987000
0.526000 3.037000
0.523000 3.087000
0.502000 3.137000
0.471000 3.187000
0.438000 3.237000
0.409000 3.288000
0.385000 3.338000
0.364000 3.388000
0.342000 3.438000
0.321000 3.488000
0.303000 3.538000
0.294000 3.589000
0.296000 3.639000
0.312000 3.689000
0.345000 3.739000
0.392000 3.789000
0.448000 3.839000
0.504000 3.890000
0.551000 3.940000
0.585000 3.990000
0.608000 4.040000
0.627000 4.090000
0.651000 4.141000
0.689000 4.191000
0.748000 4.241000
0.833000 4.291000
0.940000 4.341000
1.061000 4.391000
1.178000 4.442000
1.272000 4.492000
1.320000 4.542000
1.312000 4.592000
1.245000 4.642000
1.132000 4.692000
0.999000 4.743000
0.876000 4.793000
0.800000 4.843000
0.797000 4.893000
0.881000 4.943000
1.047000 4.993000
1.270000 5.044000
1.509000 5.094000
1.714000 5.144000
1.840000 5.194000
1.864000 5.244000
1.790000 5.294000
1.651000 5.345000
1.484000 5.395000
1.323000 5.445000
1.184000 5.495000
1.071000 5.545000
0.980000 5.595000
0.907000 5.646000
0.850000 5.696000
0.806000 5.746000
0.769000 5.796000
0.727000 5.846000
0.666000 5.896000
0.576000 5.947000
0.454000 5.997000
0.315000 6.047000
0.181000 6.097000
0.083000 6.147000
0.040000 6.197000
0.059000 6.248000
0.124000 6.298000
0.207000 6.348000
0.275000 6.398000
0.309000 6.448000
0.307000 6.498000
0.278000 6.549000
0.236000 6.599000
0.183000 6.649000
0.119000 6.699000
0.041000 6.749000
-0.049000 6.799000
-0.141000 6.850000
-0.225000 6.900000
-0.294000 6.950000
-0.349000 7.000000
-0.395000 7.050000
-0.437000 7.100000
-0.479000 7.151000
-0.525000 7.201000
-0.577000 7.251000
-0.642000 7.301000
-0.723000 7.351000
-0.818000 7.401000
-0.918000 7.452000
-1.008000 7.502000
-1.071000 7.552000
-1.099000 7.602000
-1.094000 7.652000
-1.067000 7.702000
-1.040000 7.753000
-1.031000 7.803000
-1.061000 7.853000
-1.142000 7.903000
-1.279000 7.953000
-1.465000 8.003000
-1.682000 8.054000
-1.906000 8.104000
-2.116000 8.154000
-2.289000 8.204000
-2.410000 8.254000
-2.472000 8.304000
-2.481000 8.355000
-2.461000 8.405000
-2.455000 8.455000
-2.516000 8.505000
-2.703000 8.555000
-3.063000 8.605000
-3.620000 8.656000
-4.368000 8.706000
-5.266000 8.756000
-6.247000 8.806000
-7.242000 8.856000
-8.184000 8.906000
-8.999000 8.957000
-9.593000 9.007000
-9.844000 9.057000
-9.644000 9.107000
-8.956000 9.157000
-7.859000 9.207000
-6.527000 9.258000
-5.170000 9.308000
-3.958000 9.358000
-2.980000 9.408000
-2.245000 9.458000
-1.719000 9.508000
-1.352000 9.559000
-1.099000 9.609000
-0.926000 9.659000
-0.805000 9.709000
-0.714000 9.759000
-0.638000 9.809000
-0.569000 9.860000
-0.508000 9.910000
-0.456000 9.960000
-0.420000 10.010000
-0.405000 10.060000
-0.414000 10.110000
-0.444000 10.161000
-0.481000 10.211000
-0.510000 10.261000
-0.515000 10.311000
-0.495000 10.361000
-0.465000 10.411000
-0.447000 10.462000
-0.459000 10.512000
-0.505000 10.562000
-0.574000 10.612000
-0.650000 10.662000
-0.718000 10.712000
-0.778000 10.763000
-0.837000 10.813000
-0.902000 10.863000
-0.971000 10.913000
-1.037000 10.963000
-1.089000 11.013000
-1.121000 11.064000
-1.131000 11.114000
-1.120000 11.164000
-1.089000 11.214000
-1.042000 11.264000
-0.984000 11.314000
-0.929000 11.365000
-0.891000 11.415000
-0.878000 11.465000
-0.889000 11.515000
-0.912000 11.565000
-0.935000 11.615000
-0.948000 11.666000
-0.948000 11.716000
-0.943000 11.766000
-0.943000 11.816000
-0.959000 11.866000
-0.993000 11.916000
-1.035000 11.967000
-1.067000 12.017000
-1.065000 12.067000
-1.018000 12.117000
-0.929000 12.167000
-0.816000 12.217000
-0.702000 12.268000
-0.600000 12.318000
-0.511000 12.368000
-0.428000 12.418000
-0.346000 12.468000
-0.262000 12.518000
-0.186000 12.569000
-0.125000 12.619000
-0.085000 12.669000
-0.067000 12.719000
-0.066000 12.769000
-0.074000 12.819000
-0.085000 12.870000
-0.093000 12.920000
-0.096000 12.970000
-0.093000 13.020000
-0.086000 13.070000
-0.074000 13.120000
-0.060000 13.171000
-0.046000 13.221000
-0.032000 13.271000
-0.020000 13.321000
-0.011000 13.371000
-0.005000 13.421000
0.000000 13.421000


# End of Property 1

# End of File