# Start of Property 1
0.000000 -1.628000
0.006000 -1.578000
0.012000 -1.527000
0.019000 -1.477000
0.026000 -1.427000
0.034000 -1.377000
0.043000 -1.327000
0.052000 -1.277000
0.064000 -1.226000
0.079000 -1.176000
0.099000 -1.126000
0.124000 -1.076000
0.150000 -1.026000
0.175000 -0.976000
0.196000 -0.925000
0.210000 -0.875000
0.216000 -0.825000
0.218000 -0.775000
0.215000 -0.725000
0.211000 -0.675000
0.205000 -0.624000
0.198000 -0.574000
0.188000 -0.524000
0.178000 -0.474000
0.168000 -0.424000
0.163000 -0.374000
0.168000 -0.323000
0.185000 -0.273000
0.215000 -0.223000
0.249000 -0.173000
0.280000 -0.123000
0.298000 -0.073000
0.299000 -0.022000
0.284000 0.027000
0.260000 0.077000
0.235000 0.127000
0.215000 0.177000
0.203000 0.227000
0.195000 0.278000
0.188000 0.328000
0.179000 0.378000
0.167000 0.428000
0.153000 0.478000
0.139000 0.528000
0.127000 0.579000
0.119000 0.629000
0.117000 0.679000
0.121000 0.729000
0.131000 0.779000
0.145000 0.829000
0.160000 0.880000
0.172000 0.930000
0.175000 0.980000
0.168000 1.030000
0.153000 1.080000
0.135000 1.130000
0.118000 1.181000
0.106000 1.231000
0.099000 1.281000
0.093000 1.331000
0.086000 1.381000
0.075000 1.431000
0.064000 1.482000
0.054000 1.532000
0.050000 1.582000
0.052000 1.632000
0.058000 1.682000
0.066000 1.732000
0.073000 1.783000
0.077000 1.833000
0.079000 1.883000
0.082000 1.933000
0.090000 1.983000
0.107000 2.033000
0.135000 2.084000
0.170000 2.134000
0.204000 2.184000
0.228000 2.234000
0.238000 2.284000
0.234000 2.334000
0.220000 2.385000
0.204000 2.435000
0.192000 2.485000
0.185000 2.535000
0.183000 2.585000
0.183000 2.635000
0.181000 2.686000
0.175000 2.736000
0.165000 2.786000
0.155000 2.836000
0.146000 2.886000
0.141000 2.936000
0.138000 2.987000
0.137000 3.037000
0.136000 3.087000
0.134000 3.137000
0.131000 3.187000
0.126000 3.237000
0.119000 3.288000
0.111000 3.338000
0.102000 3.388000
0.094000 3.438000
0.088000 3.488000
0.087000 3.538000
0.091000 3.589000
0.099000 3.639000
0.109000 3.689000
0.120000 3.739000
0.133000 3.789000
0.147000 3.839000
0.163000 3.890000
0.181000 3.940000
0.201000 3.990000
0.222000 4.040000
0.242000 4.090000
0.261000 4.141000
0.278000 4.191000
0.297000 4.241000
0.321000 4.291000
0.352000 4.341000
0.389000 4.391000
0.427000 4.442000
0.458000 4.492000
0.474000 4.542000
0.469000 4.592000
0.444000 4.642000
0.405000 4.692000
0.362000 4.743000
0.324000 4.793000
0.301000 4.843000
0.301000 4.893000
0.328000 4.943000
0.382000 4.993000
0.457000 5.044000
0.542000 5.094000
0.625000 5.144000
0.693000 5.194000
0.739000 5.244000
0.759000 5.294000
0.754000 5.345000
0.729000 5.395000
0.690000 5.445000
0.641000 5.495000
0.585000 5.545000
0.525000 5.595000
0.464000 5.646000
0.405000 5.696000
0.349000 5.746000
0.295000 5.796000
0.244000 5.846000
0.199000 5.896000
0.161000 5.947000
0.131000 5.997000
0.108000 6.047000
0.089000 6.097000
0.073000 6.147000
0.056000 6.197000
0.036000 6.248000
0.011000 6.298000
-0.015000 6.348000
-0.045000 6.398000
-0.077000 6.448000
-0.112000 6.498000
-0.154000 6.549000
-0.207000 6.599000
-0.272000 6.649000
-0.352000 6.699000
-0.449000 6.749000
-0.568000 6.799000
-0.711000 6.850000
-0.877000 6.900000
-1.056000 6.950000
-1.235000 7.000000
-1.393000 7.050000
-1.514000 7.100000
-1.584000 7.151000
-1.600000 7.201000
-1.575000 7.251000
-1.534000 7.301000
-1.514000 7.351000
-1.548000 7.401000
-1.655000 7.452000
-1.831000 7.502000
-2.048000 7.552000
-2.270000 7.602000
-2.476000 7.652000
-2.673000 7.702000
-2.898000 7.753000
-3.188000 7.803000
-3.555000 7.853000
-3.963000 7.903000
-4.343000 7.953000
-4.635000 8.003000
-4.825000 8.054000
-4.958000 8.104000
-5.123000 8.154000
-5.418000 8.204000
-5.924000 8.254000
-6.698000 8.304000
-7.783000 8.355000
-9.222000 8.405000
-11.064000 8.455000
-13.380000 8.505000
-16.309000 8.555000
-20.125000 8.605000
-25.267000 8.656000
-32.249000 8.706000
-41.408000 8.756000
-52.566000 8.806000
-64.775000 8.856000
-76.338000 8.906000
-85.200000 8.957000
-89.574000 9.007000
-88.542000 9.057000
-82.331000 9.107000
-72.171000 9.157000
-59.837000 9.207000
-47.129000 9.258000
-35.466000 9.308000
-25.701000 9.358000
-18.128000 9.408000
-12.626000 9.458000
-8.843000 9.508000
-6.354000 9.559000
-4.768000 9.609000
-3.780000 9.659000
-3.168000 9.709000
-2.787000 9.759000
-2.535000 9.809000
-2.339000 9.860000
-2.144000 9.910000
-1.920000 9.960000
-1.666000 10.010000
-1.409000 10.060000
-1.187000 10.110000
-1.032000 10.161000
-0.950000 10.211000
-0.925000 10.261000
-0.934000 10.311000
-0.958000 10.361000
-0.993000 10.411000
-1.043000 10.462000
-1.108000 10.512000
-1.184000 10.562000
-1.265000 10.612000
-1.351000 10.662000
-1.448000 10.712000
-1.555000 10.763000
-1.663000 10.813000
-1.752000 10.863000
-1.810000 10.913000
-1.835000 10.963000
-1.845000 11.013000
-1.864000 11.064000
-1.906000 11.114000
-1.973000 11.164000
-2.050000 11.214000
-2.123000 11.264000
-2.181000 11.314000
-2.222000 11.365000
-2.256000 11.415000
-2.299000 11.465000
-2.362000 11.515000
-2.446000 11.565000
-2.540000 11.615000
-2.620000 11.666000
-2.667000 11.716000
-2.669000 11.766000
-2.626000 11.816000
-2.545000 11.866000
-2.431000 11.916000
-2.289000 11.967000
-2.124000 12.017000
-1.945000 12.067000
-1.770000 12.117000
-1.619000 12.167000
-1.508000 12.217000
-1.435000 12.268000
-1.381000 12.318000
-1.317000 12.368000
-1.224000 12.418000
-1.105000 12.468000
-0.990000 12.518000
-0.907000 12.569000
-0.876000 12.619000
-0.891000 12.669000
-0.933000 12.719000
-0.978000 12.769000
-1.009000 12.819000
-1.016000 12.870000
-0.990000 12.920000
-0.929000 12.970000
-0.830000 13.020000
-0.701000 13.070000
-0.555000 13.120000
-0.409000 13.171000
-0.278000 13.221000
-0.174000 13.271000
-0.099000 13.321000
-0.052000 13.371000
-0.024000 13.421000


# End of Property 1

# End of File