# Start of Property 1
0.000000 -1.628000
-0.008000 -1.578000
-0.008000 -1.527000
-0.007000 -1.477000
-0.005000 -1.427000
-0.002000 -1.377000
0.000000 -1.327000
0.000000 -1.277000
0.001000 -1.226000
0.000000 -1.176000
-0.001000 -1.126000
-0.003000 -1.076000
-0.006000 -1.026000
-0.009000 -0.976000
-0.011000 -0.925000
-0.013000 -0.875000
-0.013000 -0.825000
-0.012000 -0.775000
-0.008000 -0.725000
-0.004000 -0.675000
0.000000 -0.624000
0.003000 -0.574000
0.006000 -0.524000
0.007000 -0.474000
0.008000 -0.424000
0.008000 -0.374000
0.007000 -0.323000
0.006000 -0.273000
0.004000 -0.223000
0.001000 -0.173000
0.000000 -0.123000
-0.002000 -0.073000
-0.003000 -0.022000
-0.003000 0.027000
-0.004000 0.077000
-0.003000 0.127000
-0.003000 0.177000
-0.003000 0.227000
-0.003000 0.278000
-0.002000 0.328000
-0.001000 0.378000
-0.001000 0.428000
-0.002000 0.478000
-0.006000 0.528000
-0.012000 0.579000
-0.021000 0.629000
-0.033000 0.679000
-0.047000 0.729000
-0.063000 0.779000
-0.077000 0.829000
-0.087000 0.880000
-0.089000 0.930000
-0.083000 0.980000
-0.071000 1.030000
-0.056000 1.080000
-0.040000 1.130000
-0.026000 1.181000
-0.016000 1.231000
-0.010000 1.281000
-0.008000 1.331000
-0.009000 1.381000
-0.012000 1.431000
-0.015000 1.482000
-0.018000 1.532000
-0.020000 1.582000
-0.024000 1.632000
-0.029000 1.682000
-0.034000 1.732000
-0.039000 1.783000
-0.040000 1.833000
-0.035000 1.883000
-0.024000 1.933000
-0.009000 1.983000
0.009000 2.033000
0.029000 2.084000
0.046000 2.134000
0.059000 2.184000
0.064000 2.234000
0.061000 2.284000
0.052000 2.334000
0.042000 2.385000
0.033000 2.435000
0.029000 2.485000
0.029000 2.535000
0.032000 2.585000
0.036000 2.635000
0.038000 2.686000
0.037000 2.736000
0.033000 2.786000
0.029000 2.836000
0.023000 2.886000
0.018000 2.936000
0.012000 2.987000
0.006000 3.037000
0.001000 3.087000
-0.002000 3.137000
-0.004000 3.187000
-0.005000 3.237000
-0.006000 3.288000
-0.010000 3.338000
-0.016000 3.388000
-0.025000 3.438000
-0.036000 3.488000
-0.047000 3.538000
-0.057000 3.589000
-0.062000 3.639000
-0.063000 3.689000
-0.058000 3.739000
-0.047000 3.789000
-0.034000 3.839000
-0.019000 3.890000
-0.005000 3.940000
0.006000 3.990000
0.014000 4.040000
0.018000 4.090000
0.018000 4.141000
0.012000 4.191000
0.000000 4.241000
-0.015000 4.291000
-0.032000 4.341000
-0.045000 4.391000
-0.051000 4.442000
-0.049000 4.492000
-0.041000 4.542000
-0.030000 4.592000
-0.021000 4.642000
-0.016000 4.692000
-0.017000 4.743000
-0.022000 4.793000
-0.026000 4.843000
-0.027000 4.893000
-0.024000 4.943000
-0.017000 4.993000
-0.009000 5.044000
-0.001000 5.094000
0.000000 5.144000
-0.006000 5.194000
-0.021000 5.244000
-0.043000 5.294000
-0.069000 5.345000
-0.092000 5.395000
-0.110000 5.445000
-0.119000 5.495000
-0.121000 5.545000
-0.118000 5.595000
-0.116000 5.646000
-0.119000 5.696000
-0.130000 5.746000
-0.149000 5.796000
-0.170000 5.846000
-0.188000 5.896000
-0.197000 5.947000
-0.193000 5.997000
-0.177000 6.047000
-0.155000 6.097000
-0.132000 6.147000
-0.112000 6.197000
-0.096000 6.248000
-0.084000 6.298000
-0.075000 6.348000
-0.067000 6.398000
-0.061000 6.448000
-0.057000 6.498000
-0.055000 6.549000
-0.056000 6.599000
-0.058000 6.649000
-0.060000 6.699000
-0.061000 6.749000
-0.056000 6.799000
-0.043000 6.850000
-0.022000 6.900000
0.005000 6.950000
0.033000 7.000000
0.053000 7.050000
0.060000 7.100000
0.052000 7.151000
0.025000 7.201000
-0.028000 7.251000
-0.122000 7.301000
-0.264000 7.351000
-0.455000 7.401000
-0.677000 7.452000
-0.910000 7.502000
-1.135000 7.552000
-1.349000 7.602000
-1.556000 7.652000
-1.764000 7.702000
-1.969000 7.753000
-2.157000 7.803000
-2.314000 7.853000
-2.434000 7.903000
-2.521000 7.953000
-2.578000 8.003000
-2.619000 8.054000
-2.666000 8.104000
-2.771000 8.154000
-3.001000 8.204000
-3.416000 8.254000
-4.036000 8.304000
-4.822000 8.355000
-5.690000 8.405000
-6.535000 8.455000
-7.272000 8.505000
-7.866000 8.555000
-8.384000 8.605000
-9.053000 8.656000
-10.297000 8.706000
-12.687000 8.756000
-16.724000 8.806000
-22.502000 8.856000
-29.401000 8.906000
-36.099000 8.957000
-40.983000 9.007000
-42.808000 9.057000
-41.207000 9.107000
-36.754000 9.157000
-30.617000 9.207000
-24.051000 9.258000
-18.024000 9.308000
-13.069000 9.358000
-9.334000 9.408000
-6.701000 9.458000
-4.927000 9.508000
-3.749000 9.559000
-2.942000 9.609000
-2.349000 9.659000
-1.872000 9.709000
-1.465000 9.759000
-1.110000 9.809000
-0.814000 9.860000
-0.589000 9.910000
-0.441000 9.960000
-0.363000 10.010000
-0.329000 10.060000
-0.313000 10.110000
-0.297000 10.161000
-0.283000 10.211000
-0.282000 10.261000
-0.308000 10.311000
-0.361000 10.361000
-0.431000 10.411000
-0.503000 10.462000
-0.567000 10.512000
-0.619000 10.562000
-0.667000 10.612000
-0.717000 10.662000
-0.772000 10.712000
-0.834000 10.763000
-0.896000 10.813000
-0.950000 10.863000
-0.989000 10.913000
-1.008000 10.963000
-1.005000 11.013000
-0.982000 11.064000
-0.941000 11.114000
-0.886000 11.164000
-0.820000 11.214000
-0.747000 11.264000
-0.673000 11.314000
-0.602000 11.365000
-0.542000 11.415000
-0.495000 11.465000
-0.465000 11.515000
-0.449000 11.565000
-0.443000 11.615000
-0.438000 11.666000
-0.430000 11.716000
-0.415000 11.766000
-0.395000 11.816000
-0.373000 11.866000
-0.352000 11.916000
-0.334000 11.967000
-0.316000 12.017000
-0.297000 12.067000
-0.276000 12.117000
-0.253000 12.167000
-0.230000 12.217000
-0.210000 12.268000
-0.192000 12.318000
-0.172000 12.368000
-0.151000 12.418000
-0.129000 12.468000
-0.109000 12.518000
-0.094000 12.569000
-0.084000 12.619000
-0.076000 12.669000
-0.068000 12.719000
-0.059000 12.769000
-0.049000 12.819000
-0.040000 12.870000
-0.032000 12.920000
-0.025000 12.970000
-0.020000 13.020000
-0.016000 13.070000
-0.012000 13.120000
-0.008000 13.171000
-0.005000 13.221000
-0.003000 13.271000
-0.001000 13.321000
0.000000 13.371000
0.000000 13.421000


# End of Property 1

# End of File