# Start of Property 1
0.000000 -1.628000
0.169000 -1.578000
0.180000 -1.527000
0.183000 -1.477000
0.178000 -1.427000
0.166000 -1.377000
0.150000 -1.327000
0.136000 -1.277000
0.128000 -1.226000
0.130000 -1.176000
0.144000 -1.126000
0.168000 -1.076000
0.200000 -1.026000
0.235000 -0.976000
0.266000 -0.925000
0.290000 -0.875000
0.302000 -0.825000
0.301000 -0.775000
0.288000 -0.725000
0.268000 -0.675000
0.248000 -0.624000
0.232000 -0.574000
0.219000 -0.524000
0.207000 -0.474000
0.193000 -0.424000
0.178000 -0.374000
0.166000 -0.323000
0.164000 -0.273000
0.177000 -0.223000
0.205000 -0.173000
0.242000 -0.123000
0.277000 -0.073000
0.300000 -0.022000
0.306000 0.027000
0.298000 0.077000
0.281000 0.127000
0.264000 0.177000
0.249000 0.227000
0.235000 0.278000
0.220000 0.328000
0.205000 0.378000
0.193000 0.428000
0.188000 0.478000
0.192000 0.528000
0.204000 0.579000
0.221000 0.629000
0.243000 0.679000
0.270000 0.729000
0.304000 0.779000
0.338000 0.829000
0.365000 0.880000
0.374000 0.930000
0.360000 0.980000
0.323000 1.030000
0.271000 1.080000
0.215000 1.130000
0.168000 1.181000
0.136000 1.231000
0.119000 1.281000
0.114000 1.331000
0.115000 1.381000
0.117000 1.431000
0.118000 1.482000
0.120000 1.532000
0.124000 1.582000
0.135000 1.632000
0.151000 1.682000
0.171000 1.732000
0.188000 1.783000
0.193000 1.833000
0.185000 1.883000
0.166000 1.933000
0.145000 1.983000
0.134000 2.033000
0.136000 2.084000
0.150000 2.134000
0.168000 2.184000
0.180000 2.234000
0.180000 2.284000
0.167000 2.334000
0.147000 2.385000
0.127000 2.435000
0.113000 2.485000
0.106000 2.535000
0.105000 2.585000
0.109000 2.635000
0.114000 2.686000
0.121000 2.736000
0.130000 2.786000
0.143000 2.836000
0.161000 2.886000
0.184000 2.936000
0.207000 2.987000
0.228000 3.037000
0.244000 3.087000
0.255000 3.137000
0.263000 3.187000
0.269000 3.237000
0.276000 3.288000
0.282000 3.338000
0.289000 3.388000
0.296000 3.438000
0.303000 3.488000
0.309000 3.538000
0.312000 3.589000
0.310000 3.639000
0.302000 3.689000
0.290000 3.739000
0.280000 3.789000
0.276000 3.839000
0.283000 3.890000
0.299000 3.940000
0.321000 3.990000
0.342000 4.040000
0.356000 4.090000
0.359000 4.141000
0.352000 4.191000
0.339000 4.241000
0.327000 4.291000
0.321000 4.341000
0.325000 4.391000
0.338000 4.442000
0.359000 4.492000
0.381000 4.542000
0.401000 4.592000
0.415000 4.642000
0.420000 4.692000
0.417000 4.743000
0.408000 4.793000
0.394000 4.843000
0.380000 4.893000
0.370000 4.943000
0.371000 4.993000
0.389000 5.044000
0.424000 5.094000
0.473000 5.144000
0.526000 5.194000
0.576000 5.244000
0.616000 5.294000
0.649000 5.345000
0.677000 5.395000
0.708000 5.445000
0.745000 5.495000
0.789000 5.545000
0.837000 5.595000
0.884000 5.646000
0.925000 5.696000
0.956000 5.746000
0.973000 5.796000
0.975000 5.846000
0.962000 5.896000
0.932000 5.947000
0.885000 5.997000
0.823000 6.047000
0.749000 6.097000
0.668000 6.147000
0.587000 6.197000
0.509000 6.248000
0.442000 6.298000
0.391000 6.348000
0.357000 6.398000
0.337000 6.448000
0.324000 6.498000
0.307000 6.549000
0.279000 6.599000
0.239000 6.649000
0.186000 6.699000
0.122000 6.749000
0.047000 6.799000
-0.043000 6.850000
-0.153000 6.900000
-0.284000 6.950000
-0.438000 7.000000
-0.612000 7.050000
-0.804000 7.100000
-1.008000 7.151000
-1.218000 7.201000
-1.422000 7.251000
-1.605000 7.301000
-1.756000 7.351000
-1.867000 7.401000
-1.937000 7.452000
-1.968000 7.502000
-1.964000 7.552000
-1.932000 7.602000
-1.880000 7.652000
-1.812000 7.702000
-1.726000 7.753000
-1.621000 7.803000
-1.501000 7.853000
-1.382000 7.903000
-1.287000 7.953000
-1.235000 8.003000
-1.238000 8.054000
-1.304000 8.104000
-1.439000 8.154000
-1.652000 8.204000
-1.943000 8.254000
-2.308000 8.304000
-2.739000 8.355000
-3.238000 8.405000
-3.848000 8.455000
-4.685000 8.505000
-5.977000 8.555000
-8.093000 8.605000
-11.507000 8.656000
-16.684000 8.706000
-23.861000 8.756000
-32.806000 8.806000
-42.639000 8.856000
-51.865000 8.906000
-58.662000 8.957000
-61.429000 9.007000
-59.387000 9.057000
-52.935000 9.107000
-43.542000 9.157000
-33.172000 9.207000
-23.581000 9.258000
-15.836000 9.308000
-10.234000 9.358000
-6.523000 9.408000
-4.225000 9.458000
-2.867000 9.508000
-2.094000 9.559000
-1.671000 9.609000
-1.452000 9.659000
-1.348000 9.709000
-1.303000 9.759000
-1.285000 9.809000
-1.274000 9.860000
-1.258000 9.910000
-1.231000 9.960000
-1.190000 10.010000
-1.137000 10.060000
-1.079000 10.110000
-1.021000 10.161000
-0.962000 10.211000
-0.898000 10.261000
-0.822000 10.311000
-0.734000 10.361000
-0.642000 10.411000
-0.561000 10.462000
-0.502000 10.512000
-0.471000 10.562000
-0.468000 10.612000
-0.484000 10.662000
-0.512000 10.712000
-0.545000 10.763000
-0.577000 10.813000
-0.607000 10.863000
-0.632000 10.913000
-0.651000 10.963000
-0.658000 11.013000
-0.649000 11.064000
-0.621000 11.114000
-0.577000 11.164000
-0.520000 11.214000
-0.458000 11.264000
-0.398000 11.314000
-0.349000 11.365000
-0.315000 11.415000
-0.297000 11.465000
-0.292000 11.515000
-0.295000 11.565000
-0.300000 11.615000
-0.303000 11.666000
-0.300000 11.716000
-0.292000 11.766000
-0.280000 11.816000
-0.263000 11.866000
-0.240000 11.916000
-0.213000 11.967000
-0.181000 12.017000
-0.147000 12.067000
-0.115000 12.117000
-0.085000 12.167000
-0.059000 12.217000
-0.038000 12.268000
-0.021000 12.318000
-0.008000 12.368000
0.001000 12.418000
0.009000 12.468000
0.017000 12.518000
0.025000 12.569000
0.032000 12.619000
0.039000 12.669000
0.045000 12.719000
0.048000 12.769000
0.050000 12.819000
0.051000 12.870000
0.050000 12.920000
0.047000 12.970000
0.041000 13.020000
0.033000 13.070000
0.025000 13.120000
0.017000 13.171000
0.011000 13.221000
0.006000 13.271000
0.003000 13.321000
0.001000 13.371000
0.000000 13.421000


# End of Property 1

# End of File