# Start of Integral
0.053000 1.628000
0.055000 1.578000
0.058000 1.527000
0.061000 1.477000
0.064000 1.427000
0.068000 1.377000
0.073000 1.327000
0.078000 1.277000
0.084000 1.226000
0.092000 1.176000
0.102000 1.126000
0.115000 1.076000
0.132000 1.026000
0.153000 0.976000
0.176000 0.925000
0.200000 0.875000
0.226000 0.825000
0.250000 0.775000
0.275000 0.725000
0.298000 0.675000
0.319000 0.624000
0.339000 0.574000
0.356000 0.524000
0.371000 0.474000
0.384000 0.424000
0.395000 0.374000
0.406000 0.323000
0.418000 0.273000
0.433000 0.223000
0.449000 0.173000
0.466000 0.123000
0.482000 0.073000
0.496000 0.022000
0.506000 -0.027000
0.514000 -0.077000
0.519000 -0.127000
0.523000 -0.177000
0.527000 -0.227000
0.531000 -0.278000
0.536000 -0.328000
0.543000 -0.378000
0.553000 -0.428000
0.564000 -0.478000
0.576000 -0.528000
0.590000 -0.579000
0.603000 -0.629000
0.615000 -0.679000
0.624000 -0.729000
0.632000 -0.779000
0.637000 -0.829000
0.641000 -0.880000
0.644000 -0.930000
0.646000 -0.980000
0.647000 -1.030000
0.649000 -1.080000
0.652000 -1.130000
0.655000 -1.181000
0.660000 -1.231000
0.667000 -1.281000
0.676000 -1.331000
0.686000 -1.381000
0.696000 -1.431000
0.707000 -1.482000
0.716000 -1.532000
0.723000 -1.582000
0.728000 -1.632000
0.732000 -1.682000
0.734000 -1.732000
0.735000 -1.783000
0.736000 -1.833000
0.737000 -1.883000
0.737000 -1.933000
0.738000 -1.983000
0.740000 -2.033000
0.742000 -2.084000
0.746000 -2.134000
0.751000 -2.184000
0.756000 -2.234000
0.761000 -2.284000
0.765000 -2.334000
0.768000 -2.385000
0.770000 -2.435000
0.770000 -2.485000
0.770000 -2.535000
0.770000 -2.585000
0.770000 -2.635000
0.769000 -2.686000
0.769000 -2.736000
0.768000 -2.786000
0.768000 -2.836000
0.769000 -2.886000
0.769000 -2.936000
0.770000 -2.987000
0.771000 -3.037000
0.773000 -3.087000
0.774000 -3.137000
0.775000 -3.187000
0.777000 -3.237000
0.778000 -3.288000
0.780000 -3.338000
0.781000 -3.388000
0.783000 -3.438000
0.784000 -3.488000
0.786000 -3.538000
0.787000 -3.589000
0.789000 -3.639000
0.791000 -3.689000
0.793000 -3.739000
0.796000 -3.789000
0.800000 -3.839000
0.804000 -3.890000
0.808000 -3.940000
0.813000 -3.990000
0.817000 -4.040000
0.822000 -4.090000
0.827000 -4.141000
0.832000 -4.191000
0.838000 -4.241000
0.844000 -4.291000
0.851000 -4.341000
0.859000 -4.391000
0.868000 -4.442000
0.878000 -4.492000
0.888000 -4.542000
0.899000 -4.592000
0.909000 -4.642000
0.918000 -4.692000
0.927000 -4.743000
0.934000 -4.793000
0.941000 -4.843000
0.948000 -4.893000
0.957000 -4.943000
0.967000 -4.993000
0.981000 -5.044000
0.997000 -5.094000
1.015000 -5.144000
1.036000 -5.194000
1.057000 -5.244000
1.078000 -5.294000
1.097000 -5.345000
1.115000 -5.395000
1.132000 -5.445000
1.147000 -5.495000
1.161000 -5.545000
1.173000 -5.595000
1.185000 -5.646000
1.196000 -5.696000
1.207000 -5.746000
1.216000 -5.796000
1.225000 -5.846000
1.232000 -5.896000
1.238000 -5.947000
1.241000 -5.997000
1.243000 -6.047000
1.243000 -6.097000
1.242000 -6.147000
1.240000 -6.197000
1.240000 -6.248000
1.241000 -6.298000
1.244000 -6.348000
1.249000 -6.398000
1.255000 -6.448000
1.260000 -6.498000
1.265000 -6.549000
1.269000 -6.599000
1.273000 -6.649000
1.275000 -6.699000
1.275000 -6.749000
1.274000 -6.799000
1.271000 -6.850000
1.266000 -6.900000
1.260000 -6.950000
1.252000 -7.000000
1.243000 -7.050000
1.233000 -7.100000
1.221000 -7.151000
1.207000 -7.201000
1.190000 -7.251000
1.170000 -7.301000
1.145000 -7.351000
1.116000 -7.401000
1.084000 -7.452000
1.047000 -7.502000
1.008000 -7.552000
0.969000 -7.602000
0.931000 -7.652000
0.894000 -7.702000
0.858000 -7.753000
0.823000 -7.803000
0.787000 -7.853000
0.747000 -7.903000
0.701000 -7.953000
0.647000 -8.003000
0.584000 -8.054000
0.511000 -8.104000
0.430000 -8.154000
0.341000 -8.204000
0.248000 -8.254000
0.153000 -8.304000
0.058000 -8.355000
-0.035000 -8.405000
-0.129000 -8.455000
-0.226000 -8.505000
-0.332000 -8.555000
-0.454000 -8.605000
-0.602000 -8.656000
-0.783000 -8.706000
-1.002000 -8.756000
-1.263000 -8.806000
-1.567000 -8.856000
-1.914000 -8.906000
-2.303000 -8.957000
-2.728000 -9.007000
-3.177000 -9.057000
-3.627000 -9.107000
-4.054000 -9.157000
-4.434000 -9.207000
-4.752000 -9.258000
-5.004000 -9.308000
-5.197000 -9.358000
-5.341000 -9.408000
-5.449000 -9.458000
-5.530000 -9.508000
-5.591000 -9.559000
-5.640000 -9.609000
-5.679000 -9.659000
-5.711000 -9.709000
-5.737000 -9.759000
-5.760000 -9.809000
-5.779000 -9.860000
-5.796000 -9.910000
-5.811000 -9.960000
-5.825000 -10.010000
-5.839000 -10.060000
-5.852000 -10.110000
-5.866000 -10.161000
-5.881000 -10.211000
-5.896000 -10.261000
-5.911000 -10.311000
-5.925000 -10.361000
-5.939000 -10.411000
-5.951000 -10.462000
-5.965000 -10.512000
-5.980000 -10.562000
-5.997000 -10.612000
-6.018000 -10.662000
-6.041000 -10.712000
-6.066000 -10.763000
-6.094000 -10.813000
-6.123000 -10.863000
-6.155000 -10.913000
-6.190000 -10.963000
-6.226000 -11.013000
-6.262000 -11.064000
-6.299000 -11.114000
-6.336000 -11.164000
-6.371000 -11.214000
-6.405000 -11.264000
-6.437000 -11.314000
-6.467000 -11.365000
-6.496000 -11.415000
-6.524000 -11.465000
-6.554000 -11.515000
-6.584000 -11.565000
-6.615000 -11.615000
-6.647000 -11.666000
-6.679000 -11.716000
-6.711000 -11.766000
-6.742000 -11.816000
-6.775000 -11.866000
-6.809000 -11.916000
-6.845000 -11.967000
-6.883000 -12.017000
-6.921000 -12.067000
-6.959000 -12.117000
-6.993000 -12.167000
-7.024000 -12.217000
-7.051000 -12.268000
-7.074000 -12.318000
-7.094000 -12.368000
-7.111000 -12.418000
-7.124000 -12.468000
-7.135000 -12.518000
-7.143000 -12.569000
-7.148000 -12.619000
-7.151000 -12.669000
-7.154000 -12.719000
-7.157000 -12.769000
-7.160000 -12.819000
-7.163000 -12.870000
-7.167000 -12.920000
-7.171000 -12.970000
-7.176000 -13.020000
-7.180000 -13.070000
-7.184000 -13.120000
-7.187000 -13.171000
-7.189000 -13.221000
-7.191000 -13.271000
-7.192000 -13.321000
-7.193000 -13.371000
-7.193000 -13.421000

# End of Integral


# End of Property 1

# End of File