# Start of Integral
-0.100000 1.628000
-0.100000 1.578000
-0.101000 1.527000
-0.101000 1.477000
-0.101000 1.427000
-0.101000 1.377000
-0.101000 1.327000
-0.101000 1.277000
-0.101000 1.226000
-0.101000 1.176000
-0.101000 1.126000
-0.101000 1.076000
-0.102000 1.026000
-0.102000 0.976000
-0.103000 0.925000
-0.104000 0.875000
-0.104000 0.825000
-0.105000 0.775000
-0.105000 0.725000
-0.106000 0.675000
-0.106000 0.624000
-0.105000 0.574000
-0.105000 0.524000
-0.105000 0.474000
-0.104000 0.424000
-0.104000 0.374000
-0.103000 0.323000
-0.103000 0.273000
-0.103000 0.223000
-0.103000 0.173000
-0.103000 0.123000
-0.103000 0.073000
-0.103000 0.022000
-0.103000 -0.027000
-0.103000 -0.077000
-0.104000 -0.127000
-0.104000 -0.177000
-0.104000 -0.227000
-0.104000 -0.278000
-0.104000 -0.328000
-0.104000 -0.378000
-0.104000 -0.428000
-0.105000 -0.478000
-0.105000 -0.528000
-0.106000 -0.579000
-0.107000 -0.629000
-0.108000 -0.679000
-0.111000 -0.729000
-0.114000 -0.779000
-0.118000 -0.829000
-0.122000 -0.880000
-0.127000 -0.930000
-0.131000 -0.980000
-0.134000 -1.030000
-0.137000 -1.080000
-0.139000 -1.130000
-0.141000 -1.181000
-0.141000 -1.231000
-0.142000 -1.281000
-0.142000 -1.331000
-0.143000 -1.381000
-0.143000 -1.431000
-0.144000 -1.482000
-0.145000 -1.532000
-0.146000 -1.582000
-0.147000 -1.632000
-0.149000 -1.682000
-0.150000 -1.732000
-0.152000 -1.783000
-0.154000 -1.833000
-0.156000 -1.883000
-0.157000 -1.933000
-0.158000 -1.983000
-0.157000 -2.033000
-0.156000 -2.084000
-0.154000 -2.134000
-0.151000 -2.184000
-0.147000 -2.234000
-0.144000 -2.284000
-0.142000 -2.334000
-0.140000 -2.385000
-0.138000 -2.435000
-0.136000 -2.485000
-0.135000 -2.535000
-0.133000 -2.585000
-0.131000 -2.635000
-0.130000 -2.686000
-0.128000 -2.736000
-0.126000 -2.786000
-0.124000 -2.836000
-0.123000 -2.886000
-0.122000 -2.936000
-0.122000 -2.987000
-0.121000 -3.037000
-0.121000 -3.087000
-0.121000 -3.137000
-0.122000 -3.187000
-0.122000 -3.237000
-0.122000 -3.288000
-0.123000 -3.338000
-0.124000 -3.388000
-0.125000 -3.438000
-0.127000 -3.488000
-0.129000 -3.538000
-0.132000 -3.589000
-0.135000 -3.639000
-0.138000 -3.689000
-0.141000 -3.739000
-0.144000 -3.789000
-0.145000 -3.839000
-0.146000 -3.890000
-0.147000 -3.940000
-0.146000 -3.990000
-0.146000 -4.040000
-0.145000 -4.090000
-0.144000 -4.141000
-0.143000 -4.191000
-0.143000 -4.241000
-0.144000 -4.291000
-0.146000 -4.341000
-0.148000 -4.391000
-0.150000 -4.442000
-0.153000 -4.492000
-0.155000 -4.542000
-0.156000 -4.592000
-0.158000 -4.642000
-0.158000 -4.692000
-0.159000 -4.743000
-0.160000 -4.793000
-0.162000 -4.843000
-0.163000 -4.893000
-0.164000 -4.943000
-0.165000 -4.993000
-0.166000 -5.044000
-0.166000 -5.094000
-0.166000 -5.144000
-0.166000 -5.194000
-0.167000 -5.244000
-0.169000 -5.294000
-0.173000 -5.345000
-0.177000 -5.395000
-0.183000 -5.445000
-0.189000 -5.495000
-0.195000 -5.545000
-0.201000 -5.595000
-0.207000 -5.646000
-0.213000 -5.696000
-0.219000 -5.746000
-0.227000 -5.796000
-0.235000 -5.846000
-0.245000 -5.896000
-0.255000 -5.947000
-0.264000 -5.997000
-0.273000 -6.047000
-0.281000 -6.097000
-0.288000 -6.147000
-0.293000 -6.197000
-0.298000 -6.248000
-0.303000 -6.298000
-0.306000 -6.348000
-0.310000 -6.398000
-0.313000 -6.448000
-0.316000 -6.498000
-0.318000 -6.549000
-0.321000 -6.599000
-0.324000 -6.649000
-0.327000 -6.699000
-0.330000 -6.749000
-0.333000 -6.799000
-0.335000 -6.850000
-0.336000 -6.900000
-0.336000 -6.950000
-0.334000 -7.000000
-0.332000 -7.050000
-0.329000 -7.100000
-0.326000 -7.151000
-0.325000 -7.201000
-0.326000 -7.251000
-0.332000 -7.301000
-0.346000 -7.351000
-0.368000 -7.401000
-0.402000 -7.452000
-0.448000 -7.502000
-0.505000 -7.552000
-0.573000 -7.602000
-0.651000 -7.652000
-0.739000 -7.702000
-0.838000 -7.753000
-0.946000 -7.803000
-1.063000 -7.853000
-1.185000 -7.903000
-1.311000 -7.953000
-1.441000 -8.003000
-1.572000 -8.054000
-1.706000 -8.104000
-1.845000 -8.154000
-1.995000 -8.204000
-2.167000 -8.254000
-2.369000 -8.304000
-2.611000 -8.355000
-2.897000 -8.405000
-3.225000 -8.455000
-3.589000 -8.505000
-3.984000 -8.555000
-4.405000 -8.605000
-4.859000 -8.656000
-5.375000 -8.706000
-6.012000 -8.756000
-6.851000 -8.806000
-7.980000 -8.856000
-9.455000 -8.906000
-11.266000 -8.957000
-13.322000 -9.007000
-15.469000 -9.057000
-17.537000 -9.107000
-19.381000 -9.157000
-20.917000 -9.207000
-22.123000 -9.258000
-23.027000 -9.308000
-23.683000 -9.358000
-24.151000 -9.408000
-24.488000 -9.458000
-24.735000 -9.508000
-24.923000 -9.559000
-25.070000 -9.609000
-25.188000 -9.659000
-25.282000 -9.709000
-25.356000 -9.759000
-25.411000 -9.809000
-25.452000 -9.860000
-25.482000 -9.910000
-25.504000 -9.960000
-25.522000 -10.010000
-25.539000 -10.060000
-25.555000 -10.110000
-25.569000 -10.161000
-25.584000 -10.211000
-25.598000 -10.261000
-25.613000 -10.311000
-25.631000 -10.361000
-25.653000 -10.411000
-25.678000 -10.462000
-25.707000 -10.512000
-25.738000 -10.562000
-25.771000 -10.612000
-25.807000 -10.662000
-25.846000 -10.712000
-25.888000 -10.763000
-25.933000 -10.813000
-25.981000 -10.863000
-26.030000 -10.913000
-26.081000 -10.963000
-26.131000 -11.013000
-26.181000 -11.064000
-26.228000 -11.114000
-26.272000 -11.164000
-26.313000 -11.214000
-26.351000 -11.264000
-26.385000 -11.314000
-26.415000 -11.365000
-26.442000 -11.415000
-26.467000 -11.465000
-26.490000 -11.515000
-26.513000 -11.565000
-26.535000 -11.615000
-26.557000 -11.666000
-26.579000 -11.716000
-26.600000 -11.766000
-26.619000 -11.816000
-26.638000 -11.866000
-26.656000 -11.916000
-26.673000 -11.967000
-26.689000 -12.017000
-26.703000 -12.067000
-26.717000 -12.117000
-26.730000 -12.167000
-26.742000 -12.217000
-26.752000 -12.268000
-26.762000 -12.318000
-26.770000 -12.368000
-26.778000 -12.418000
-26.785000 -12.468000
-26.790000 -12.518000
-26.795000 -12.569000
-26.799000 -12.619000
-26.803000 -12.669000
-26.806000 -12.719000
-26.809000 -12.769000
-26.812000 -12.819000
-26.814000 -12.870000
-26.815000 -12.920000
-26.817000 -12.970000
-26.818000 -13.020000
-26.818000 -13.070000
-26.819000 -13.120000
-26.820000 -13.171000
-26.820000 -13.221000
-26.820000 -13.271000
-26.820000 -13.321000
-26.820000 -13.371000
-26.820000 -13.421000

# End of Integral


# End of Property 1

# End of File