# Start of Property 1
0.000000 -1.628000
0.047000 -1.578000
0.055000 -1.527000
0.063000 -1.477000
0.070000 -1.427000
0.077000 -1.377000
0.085000 -1.327000
0.098000 -1.277000
0.121000 -1.226000
0.156000 -1.176000
0.205000 -1.126000
0.268000 -1.076000
0.338000 -1.026000
0.405000 -0.976000
0.458000 -0.925000
0.492000 -0.875000
0.503000 -0.825000
0.497000 -0.775000
0.481000 -0.725000
0.459000 -0.675000
0.430000 -0.624000
0.393000 -0.574000
0.346000 -0.524000
0.294000 -0.474000
0.248000 -0.424000
0.222000 -0.374000
0.221000 -0.323000
0.247000 -0.273000
0.286000 -0.223000
0.322000 -0.173000
0.336000 -0.123000
0.319000 -0.073000
0.275000 -0.022000
0.214000 0.027000
0.153000 0.077000
0.105000 0.127000
0.076000 0.177000
0.069000 0.227000
0.081000 0.278000
0.108000 0.328000
0.145000 0.378000
0.184000 0.428000
0.222000 0.478000
0.250000 0.528000
0.264000 0.579000
0.259000 0.629000
0.234000 0.679000
0.196000 0.729000
0.150000 0.779000
0.108000 0.829000
0.074000 0.880000
0.051000 0.930000
0.037000 0.980000
0.033000 1.030000
0.036000 1.080000
0.049000 1.130000
0.071000 1.181000
0.103000 1.231000
0.139000 1.281000
0.173000 1.331000
0.198000 1.381000
0.208000 1.431000
0.201000 1.482000
0.179000 1.532000
0.145000 1.582000
0.108000 1.632000
0.073000 1.682000
0.044000 1.732000
0.024000 1.783000
0.013000 1.833000
0.008000 1.883000
0.010000 1.933000
0.018000 1.983000
0.033000 2.033000
0.053000 2.084000
0.074000 2.134000
0.092000 2.184000
0.101000 2.234000
0.097000 2.284000
0.082000 2.334000
0.059000 2.385000
0.035000 2.435000
0.015000 2.485000
0.001000 2.535000
-0.006000 2.585000
-0.010000 2.635000
-0.010000 2.686000
-0.008000 2.736000
-0.005000 2.786000
0.000000 2.836000
0.006000 2.886000
0.012000 2.936000
0.018000 2.987000
0.023000 3.037000
0.025000 3.087000
0.026000 3.137000
0.027000 3.187000
0.027000 3.237000
0.028000 3.288000
0.029000 3.338000
0.030000 3.388000
0.030000 3.438000
0.029000 3.488000
0.029000 3.538000
0.030000 3.589000
0.034000 3.639000
0.040000 3.689000
0.048000 3.739000
0.058000 3.789000
0.068000 3.839000
0.078000 3.890000
0.085000 3.940000
0.090000 3.990000
0.093000 4.040000
0.095000 4.090000
0.098000 4.141000
0.103000 4.191000
0.112000 4.241000
0.124000 4.291000
0.141000 4.341000
0.160000 4.391000
0.179000 4.442000
0.195000 4.492000
0.206000 4.542000
0.208000 4.592000
0.201000 4.642000
0.186000 4.692000
0.166000 4.743000
0.148000 4.793000
0.139000 4.843000
0.144000 4.893000
0.168000 4.943000
0.209000 4.993000
0.263000 5.044000
0.322000 5.094000
0.373000 5.144000
0.408000 5.194000
0.421000 5.244000
0.413000 5.294000
0.389000 5.345000
0.357000 5.395000
0.326000 5.445000
0.299000 5.495000
0.275000 5.545000
0.255000 5.595000
0.238000 5.646000
0.222000 5.696000
0.206000 5.746000
0.190000 5.796000
0.170000 5.846000
0.144000 5.896000
0.111000 5.947000
0.072000 5.997000
0.031000 6.047000
-0.003000 6.097000
-0.024000 6.147000
-0.025000 6.197000
-0.007000 6.248000
0.025000 6.298000
0.062000 6.348000
0.092000 6.398000
0.108000 6.448000
0.110000 6.498000
0.101000 6.549000
0.085000 6.599000
0.066000 6.649000
0.041000 6.699000
0.010000 6.749000
-0.025000 6.799000
-0.062000 6.850000
-0.096000 6.900000
-0.125000 6.950000
-0.150000 7.000000
-0.175000 7.050000
-0.203000 7.100000
-0.238000 7.151000
-0.283000 7.201000
-0.339000 7.251000
-0.407000 7.301000
-0.486000 7.351000
-0.572000 7.401000
-0.656000 7.452000
-0.725000 7.502000
-0.769000 7.552000
-0.781000 7.602000
-0.767000 7.652000
-0.737000 7.702000
-0.709000 7.753000
-0.699000 7.803000
-0.725000 7.853000
-0.795000 7.903000
-0.914000 7.953000
-1.074000 8.003000
-1.260000 8.054000
-1.450000 8.104000
-1.622000 8.154000
-1.760000 8.204000
-1.852000 8.254000
-1.895000 8.304000
-1.894000 8.355000
-1.873000 8.405000
-1.870000 8.455000
-1.932000 8.505000
-2.111000 8.555000
-2.444000 8.605000
-2.947000 8.656000
-3.603000 8.706000
-4.371000 8.756000
-5.200000 8.806000
-6.055000 8.856000
-6.917000 8.906000
-7.754000 8.957000
-8.478000 9.007000
-8.940000 9.057000
-8.980000 9.107000
-8.509000 9.157000
-7.571000 9.207000
-6.338000 9.258000
-5.033000 9.308000
-3.844000 9.358000
-2.874000 9.408000
-2.140000 9.458000
-1.609000 9.508000
-1.232000 9.559000
-0.965000 9.609000
-0.774000 9.659000
-0.635000 9.709000
-0.531000 9.759000
-0.451000 9.809000
-0.387000 9.860000
-0.337000 9.910000
-0.301000 9.960000
-0.278000 10.010000
-0.267000 10.060000
-0.269000 10.110000
-0.281000 10.161000
-0.294000 10.211000
-0.302000 10.261000
-0.296000 10.311000
-0.280000 10.361000
-0.261000 10.411000
-0.253000 10.462000
-0.265000 10.512000
-0.301000 10.562000
-0.351000 10.612000
-0.407000 10.662000
-0.458000 10.712000
-0.504000 10.763000
-0.547000 10.813000
-0.593000 10.863000
-0.640000 10.913000
-0.682000 10.963000
-0.715000 11.013000
-0.733000 11.064000
-0.737000 11.114000
-0.727000 11.164000
-0.705000 11.214000
-0.673000 11.264000
-0.634000 11.314000
-0.598000 11.365000
-0.575000 11.415000
-0.571000 11.465000
-0.583000 11.515000
-0.604000 11.565000
-0.623000 11.615000
-0.634000 11.666000
-0.635000 11.716000
-0.631000 11.766000
-0.632000 11.816000
-0.646000 11.866000
-0.678000 11.916000
-0.719000 11.967000
-0.755000 12.017000
-0.767000 12.067000
-0.745000 12.117000
-0.689000 12.167000
-0.612000 12.217000
-0.532000 12.268000
-0.459000 12.318000
-0.395000 12.368000
-0.336000 12.418000
-0.275000 12.468000
-0.212000 12.518000
-0.152000 12.569000
-0.103000 12.619000
-0.069000 12.669000
-0.053000 12.719000
-0.051000 12.769000
-0.058000 12.819000
-0.069000 12.870000
-0.079000 12.920000
-0.085000 12.970000
-0.087000 13.020000
-0.083000 13.070000
-0.074000 13.120000
-0.062000 13.171000
-0.048000 13.221000
-0.033000 13.271000
-0.021000 13.321000
-0.012000 13.371000
-0.006000 13.421000


# End of Property 1

# End of File