# Start of Integral
0.144000 1.628000
0.152000 1.578000
0.161000 1.527000
0.170000 1.477000
0.179000 1.427000
0.188000 1.377000
0.195000 1.327000
0.202000 1.277000
0.208000 1.226000
0.215000 1.176000
0.222000 1.126000
0.231000 1.076000
0.241000 1.026000
0.253000 0.976000
0.266000 0.925000
0.281000 0.875000
0.296000 0.825000
0.311000 0.775000
0.325000 0.725000
0.339000 0.675000
0.351000 0.624000
0.363000 0.574000
0.374000 0.524000
0.384000 0.474000
0.394000 0.424000
0.403000 0.374000
0.411000 0.323000
0.420000 0.273000
0.428000 0.223000
0.439000 0.173000
0.451000 0.123000
0.465000 0.073000
0.480000 0.022000
0.495000 -0.027000
0.510000 -0.077000
0.524000 -0.127000
0.538000 -0.177000
0.550000 -0.227000
0.562000 -0.278000
0.573000 -0.328000
0.583000 -0.378000
0.593000 -0.428000
0.603000 -0.478000
0.612000 -0.528000
0.623000 -0.579000
0.634000 -0.629000
0.646000 -0.679000
0.659000 -0.729000
0.675000 -0.779000
0.692000 -0.829000
0.710000 -0.880000
0.729000 -0.930000
0.747000 -0.980000
0.763000 -1.030000
0.777000 -1.080000
0.787000 -1.130000
0.796000 -1.181000
0.803000 -1.231000
0.809000 -1.281000
0.815000 -1.331000
0.820000 -1.381000
0.826000 -1.431000
0.832000 -1.482000
0.838000 -1.532000
0.844000 -1.582000
0.851000 -1.632000
0.859000 -1.682000
0.867000 -1.732000
0.877000 -1.783000
0.887000 -1.833000
0.896000 -1.883000
0.904000 -1.933000
0.912000 -1.983000
0.918000 -2.033000
0.925000 -2.084000
0.933000 -2.134000
0.941000 -2.184000
0.950000 -2.234000
0.959000 -2.284000
0.968000 -2.334000
0.975000 -2.385000
0.981000 -2.435000
0.987000 -2.485000
0.993000 -2.535000
0.998000 -2.585000
1.003000 -2.635000
1.009000 -2.686000
1.015000 -2.736000
1.022000 -2.786000
1.029000 -2.836000
1.037000 -2.886000
1.046000 -2.936000
1.057000 -2.987000
1.068000 -3.037000
1.080000 -3.087000
1.093000 -3.137000
1.106000 -3.187000
1.120000 -3.237000
1.134000 -3.288000
1.148000 -3.338000
1.163000 -3.388000
1.177000 -3.438000
1.193000 -3.488000
1.208000 -3.538000
1.224000 -3.589000
1.239000 -3.639000
1.254000 -3.689000
1.269000 -3.739000
1.283000 -3.789000
1.297000 -3.839000
1.311000 -3.890000
1.326000 -3.940000
1.342000 -3.990000
1.360000 -4.040000
1.377000 -4.090000
1.395000 -4.141000
1.413000 -4.191000
1.430000 -4.241000
1.447000 -4.291000
1.463000 -4.341000
1.479000 -4.391000
1.496000 -4.442000
1.514000 -4.492000
1.533000 -4.542000
1.553000 -4.592000
1.574000 -4.642000
1.595000 -4.692000
1.616000 -4.743000
1.637000 -4.793000
1.657000 -4.843000
1.676000 -4.893000
1.694000 -4.943000
1.713000 -4.993000
1.732000 -5.044000
1.754000 -5.094000
1.777000 -5.144000
1.804000 -5.194000
1.833000 -5.244000
1.864000 -5.294000
1.896000 -5.345000
1.930000 -5.395000
1.966000 -5.445000
2.003000 -5.495000
2.043000 -5.545000
2.085000 -5.595000
2.129000 -5.646000
2.176000 -5.696000
2.224000 -5.746000
2.273000 -5.796000
2.321000 -5.846000
2.370000 -5.896000
2.417000 -5.947000
2.461000 -5.997000
2.502000 -6.047000
2.540000 -6.097000
2.573000 -6.147000
2.603000 -6.197000
2.629000 -6.248000
2.651000 -6.298000
2.670000 -6.348000
2.688000 -6.398000
2.705000 -6.448000
2.721000 -6.498000
2.737000 -6.549000
2.751000 -6.599000
2.763000 -6.649000
2.772000 -6.699000
2.778000 -6.749000
2.781000 -6.799000
2.779000 -6.850000
2.771000 -6.900000
2.757000 -6.950000
2.735000 -7.000000
2.704000 -7.050000
2.664000 -7.100000
2.613000 -7.151000
2.552000 -7.201000
2.480000 -7.251000
2.400000 -7.301000
2.312000 -7.351000
2.218000 -7.401000
2.121000 -7.452000
2.022000 -7.502000
1.924000 -7.552000
1.827000 -7.602000
1.732000 -7.652000
1.641000 -7.702000
1.555000 -7.753000
1.473000 -7.803000
1.398000 -7.853000
1.329000 -7.903000
1.264000 -7.953000
1.202000 -8.003000
1.140000 -8.054000
1.075000 -8.104000
1.002000 -8.154000
0.919000 -8.204000
0.822000 -8.254000
0.706000 -8.304000
0.569000 -8.355000
0.406000 -8.405000
0.213000 -8.455000
-0.021000 -8.505000
-0.321000 -8.555000
-0.727000 -8.605000
-1.304000 -8.656000
-2.141000 -8.706000
-3.338000 -8.756000
-4.984000 -8.806000
-7.123000 -8.856000
-9.725000 -8.906000
-12.668000 -8.957000
-15.750000 -9.007000
-18.729000 -9.057000
-21.385000 -9.107000
-23.569000 -9.157000
-25.233000 -9.207000
-26.416000 -9.258000
-27.211000 -9.308000
-27.724000 -9.358000
-28.051000 -9.408000
-28.263000 -9.458000
-28.407000 -9.508000
-28.512000 -9.559000
-28.596000 -9.609000
-28.669000 -9.659000
-28.737000 -9.709000
-28.802000 -9.759000
-28.867000 -9.809000
-28.931000 -9.860000
-28.994000 -9.910000
-29.056000 -9.960000
-29.115000 -10.010000
-29.172000 -10.060000
-29.226000 -10.110000
-29.278000 -10.161000
-29.326000 -10.211000
-29.371000 -10.261000
-29.412000 -10.311000
-29.449000 -10.361000
-29.481000 -10.411000
-29.510000 -10.462000
-29.535000 -10.512000
-29.558000 -10.562000
-29.582000 -10.612000
-29.606000 -10.662000
-29.632000 -10.712000
-29.659000 -10.763000
-29.688000 -10.813000
-29.719000 -10.863000
-29.751000 -10.913000
-29.783000 -10.963000
-29.816000 -11.013000
-29.849000 -11.064000
-29.880000 -11.114000
-29.909000 -11.164000
-29.935000 -11.214000
-29.958000 -11.264000
-29.978000 -11.314000
-29.996000 -11.365000
-30.011000 -11.415000
-30.026000 -11.465000
-30.041000 -11.515000
-30.056000 -11.565000
-30.071000 -11.615000
-30.086000 -11.666000
-30.101000 -11.716000
-30.116000 -11.766000
-30.130000 -11.816000
-30.143000 -11.866000
-30.155000 -11.916000
-30.166000 -11.967000
-30.175000 -12.017000
-30.182000 -12.067000
-30.188000 -12.117000
-30.193000 -12.167000
-30.196000 -12.217000
-30.197000 -12.268000
-30.199000 -12.318000
-30.199000 -12.368000
-30.199000 -12.418000
-30.198000 -12.468000
-30.197000 -12.518000
-30.196000 -12.569000
-30.195000 -12.619000
-30.193000 -12.669000
-30.190000 -12.719000
-30.188000 -12.769000
-30.185000 -12.819000
-30.183000 -12.870000
-30.180000 -12.920000
-30.178000 -12.970000
-30.176000 -13.020000
-30.174000 -13.070000
-30.173000 -13.120000
-30.172000 -13.171000
-30.171000 -13.221000
-30.171000 -13.271000
-30.171000 -13.321000
-30.171000 -13.371000
-30.171000 -13.421000

# End of Integral


# End of Property 1

# End of File