# Start of Integral
-0.024000 1.628000
-0.024000 1.578000
-0.023000 1.527000
-0.022000 1.477000
-0.021000 1.427000
-0.019000 1.377000
-0.017000 1.327000
-0.014000 1.277000
-0.011000 1.226000
-0.007000 1.176000
-0.002000 1.126000
0.003000 1.076000
0.011000 1.026000
0.020000 0.976000
0.030000 0.925000
0.040000 0.875000
0.051000 0.825000
0.062000 0.775000
0.073000 0.725000
0.083000 0.675000
0.094000 0.624000
0.104000 0.574000
0.113000 0.524000
0.122000 0.474000
0.131000 0.424000
0.139000 0.374000
0.147000 0.323000
0.156000 0.273000
0.167000 0.223000
0.180000 0.173000
0.194000 0.123000
0.209000 0.073000
0.224000 0.022000
0.238000 -0.027000
0.251000 -0.077000
0.263000 -0.127000
0.274000 -0.177000
0.284000 -0.227000
0.294000 -0.278000
0.303000 -0.328000
0.312000 -0.378000
0.321000 -0.428000
0.328000 -0.478000
0.335000 -0.528000
0.342000 -0.579000
0.348000 -0.629000
0.354000 -0.679000
0.360000 -0.729000
0.366000 -0.779000
0.374000 -0.829000
0.382000 -0.880000
0.390000 -0.930000
0.399000 -0.980000
0.408000 -1.030000
0.415000 -1.080000
0.422000 -1.130000
0.428000 -1.181000
0.433000 -1.231000
0.438000 -1.281000
0.443000 -1.331000
0.447000 -1.381000
0.451000 -1.431000
0.454000 -1.482000
0.457000 -1.532000
0.460000 -1.582000
0.462000 -1.632000
0.465000 -1.682000
0.469000 -1.732000
0.472000 -1.783000
0.476000 -1.833000
0.480000 -1.883000
0.484000 -1.933000
0.489000 -1.983000
0.494000 -2.033000
0.501000 -2.084000
0.510000 -2.134000
0.520000 -2.184000
0.531000 -2.234000
0.543000 -2.284000
0.555000 -2.334000
0.566000 -2.385000
0.576000 -2.435000
0.586000 -2.485000
0.595000 -2.535000
0.605000 -2.585000
0.614000 -2.635000
0.623000 -2.686000
0.632000 -2.736000
0.640000 -2.786000
0.648000 -2.836000
0.655000 -2.886000
0.662000 -2.936000
0.669000 -2.987000
0.676000 -3.037000
0.683000 -3.087000
0.690000 -3.137000
0.696000 -3.187000
0.703000 -3.237000
0.709000 -3.288000
0.714000 -3.338000
0.719000 -3.388000
0.724000 -3.438000
0.729000 -3.488000
0.733000 -3.538000
0.738000 -3.589000
0.743000 -3.639000
0.748000 -3.689000
0.754000 -3.739000
0.761000 -3.789000
0.768000 -3.839000
0.777000 -3.890000
0.786000 -3.940000
0.796000 -3.990000
0.807000 -4.040000
0.819000 -4.090000
0.832000 -4.141000
0.846000 -4.191000
0.861000 -4.241000
0.877000 -4.291000
0.895000 -4.341000
0.914000 -4.391000
0.936000 -4.442000
0.959000 -4.492000
0.983000 -4.542000
1.006000 -4.592000
1.029000 -4.642000
1.049000 -4.692000
1.067000 -4.743000
1.083000 -4.793000
1.099000 -4.843000
1.114000 -4.893000
1.130000 -4.943000
1.149000 -4.993000
1.172000 -5.044000
1.200000 -5.094000
1.231000 -5.144000
1.266000 -5.194000
1.303000 -5.244000
1.341000 -5.294000
1.379000 -5.345000
1.415000 -5.395000
1.450000 -5.445000
1.482000 -5.495000
1.511000 -5.545000
1.538000 -5.595000
1.561000 -5.646000
1.582000 -5.696000
1.599000 -5.746000
1.614000 -5.796000
1.626000 -5.846000
1.636000 -5.896000
1.644000 -5.947000
1.651000 -5.997000
1.656000 -6.047000
1.661000 -6.097000
1.664000 -6.147000
1.667000 -6.197000
1.669000 -6.248000
1.670000 -6.298000
1.669000 -6.348000
1.667000 -6.398000
1.663000 -6.448000
1.657000 -6.498000
1.649000 -6.549000
1.639000 -6.599000
1.625000 -6.649000
1.608000 -6.699000
1.585000 -6.749000
1.556000 -6.799000
1.521000 -6.850000
1.477000 -6.900000
1.424000 -6.950000
1.362000 -7.000000
1.292000 -7.050000
1.216000 -7.100000
1.136000 -7.151000
1.056000 -7.201000
0.977000 -7.251000
0.900000 -7.301000
0.824000 -7.351000
0.746000 -7.401000
0.663000 -7.452000
0.572000 -7.502000
0.469000 -7.552000
0.355000 -7.602000
0.231000 -7.652000
0.096000 -7.702000
-0.048000 -7.753000
-0.208000 -7.803000
-0.386000 -7.853000
-0.585000 -7.903000
-0.803000 -7.953000
-1.036000 -8.003000
-1.278000 -8.054000
-1.526000 -8.104000
-1.783000 -8.154000
-2.055000 -8.204000
-2.352000 -8.254000
-2.688000 -8.304000
-3.079000 -8.355000
-3.542000 -8.405000
-4.097000 -8.455000
-4.768000 -8.505000
-5.586000 -8.555000
-6.596000 -8.605000
-7.863000 -8.656000
-9.481000 -8.706000
-11.559000 -8.756000
-14.196000 -8.806000
-17.445000 -8.856000
-21.275000 -8.906000
-25.549000 -8.957000
-30.043000 -9.007000
-34.485000 -9.057000
-38.615000 -9.107000
-42.236000 -9.157000
-45.238000 -9.207000
-47.602000 -9.258000
-49.382000 -9.308000
-50.671000 -9.358000
-51.580000 -9.408000
-52.214000 -9.458000
-52.657000 -9.508000
-52.976000 -9.559000
-53.216000 -9.609000
-53.405000 -9.659000
-53.564000 -9.709000
-53.704000 -9.759000
-53.831000 -9.809000
-53.949000 -9.860000
-54.056000 -9.910000
-54.152000 -9.960000
-54.236000 -10.010000
-54.307000 -10.060000
-54.366000 -10.110000
-54.418000 -10.161000
-54.466000 -10.211000
-54.512000 -10.261000
-54.559000 -10.311000
-54.607000 -10.361000
-54.657000 -10.411000
-54.709000 -10.462000
-54.765000 -10.512000
-54.824000 -10.562000
-54.888000 -10.612000
-54.956000 -10.662000
-55.028000 -10.712000
-55.106000 -10.763000
-55.190000 -10.813000
-55.278000 -10.863000
-55.369000 -10.913000
-55.461000 -10.963000
-55.553000 -11.013000
-55.647000 -11.064000
-55.742000 -11.114000
-55.841000 -11.164000
-55.944000 -11.214000
-56.051000 -11.264000
-56.160000 -11.314000
-56.272000 -11.365000
-56.385000 -11.415000
-56.500000 -11.465000
-56.619000 -11.515000
-56.742000 -11.565000
-56.869000 -11.615000
-57.000000 -11.666000
-57.134000 -11.716000
-57.268000 -11.766000
-57.400000 -11.816000
-57.528000 -11.866000
-57.650000 -11.916000
-57.765000 -11.967000
-57.871000 -12.017000
-57.969000 -12.067000
-58.058000 -12.117000
-58.139000 -12.167000
-58.214000 -12.217000
-58.287000 -12.268000
-58.356000 -12.318000
-58.422000 -12.368000
-58.483000 -12.418000
-58.539000 -12.468000
-58.589000 -12.518000
-58.634000 -12.569000
-58.678000 -12.619000
-58.723000 -12.669000
-58.770000 -12.719000
-58.819000 -12.769000
-58.869000 -12.819000
-58.920000 -12.870000
-58.970000 -12.920000
-59.017000 -12.970000
-59.058000 -13.020000
-59.093000 -13.070000
-59.121000 -13.120000
-59.142000 -13.171000
-59.156000 -13.221000
-59.165000 -13.271000
-59.170000 -13.321000
-59.172000 -13.371000
-59.173000 -13.421000

# End of Integral


# End of Property 1

# End of File