# Start of Property 1


# End of Property 1

# Start of Property 1
0.000000 -27.824000
0.000000 -27.785000
0.000000 -27.746000
0.000000 -27.707000
0.000000 -27.668000
0.000000 -27.629000
0.000000 -27.590000
0.000000 -27.552000
0.000000 -27.513000
0.000000 -27.474000
0.000000 -27.435000
0.000000 -27.396000
0.000000 -27.357000
0.000000 -27.318000
0.000000 -27.279000
0.000000 -27.241000
0.000000 -27.202000
0.000000 -27.163000
0.000000 -27.124000
0.000000 -27.085000
0.000000 -27.046000
0.000000 -27.007000
0.000000 -26.969000
0.000000 -26.930000
0.000000 -26.891000
0.000000 -26.852000
0.000000 -26.813000
0.000000 -26.774000
0.000000 -26.735000
0.000000 -26.697000
0.000000 -26.658000
0.000000 -26.619000
0.000000 -26.580000
0.000000 -26.541000
0.000000 -26.502000
0.000000 -26.463000
0.000000 -26.424000
0.000000 -26.386000
0.000000 -26.347000
0.000000 -26.308000
0.000000 -26.269000
0.000000 -26.230000
0.000000 -26.191000
0.000000 -26.152000
0.000000 -26.114000
0.000000 -26.075000
0.000000 -26.036000
0.000000 -25.997000
0.000000 -25.958000
0.001000 -25.919000
0.002000 -25.880000
0.003000 -25.842000
0.004000 -25.803000
0.004000 -25.764000
0.004000 -25.725000
0.003000 -25.686000
0.002000 -25.647000
0.001000 -25.608000
0.000000 -25.570000
0.000000 -25.531000
0.000000 -25.492000
0.000000 -25.453000
0.000000 -25.414000
0.000000 -25.375000
0.000000 -25.336000
0.000000 -25.297000
0.000000 -25.259000
0.000000 -25.220000
0.000000 -25.181000
0.000000 -25.142000
0.000000 -25.103000
0.000000 -25.064000
0.000000 -25.025000
0.000000 -24.987000
0.000000 -24.948000
0.000000 -24.909000
0.000000 -24.870000
0.000000 -24.831000
0.000000 -24.792000
0.000000 -24.753000
0.000000 -24.715000
0.000000 -24.676000
0.000000 -24.637000
0.000000 -24.598000
0.000000 -24.559000
0.000000 -24.520000
0.000000 -24.481000
0.000000 -24.442000
0.000000 -24.404000
0.000000 -24.365000
0.000000 -24.326000
0.000000 -24.287000
0.000000 -24.248000
0.000000 -24.209000
0.000000 -24.170000
0.000000 -24.132000
0.000000 -24.093000
0.000000 -24.054000
0.000000 -24.015000
0.000000 -23.976000
0.000000 -23.937000
0.000000 -23.898000
0.000000 -23.860000
0.000000 -23.821000
0.000000 -23.782000
0.000000 -23.743000
0.000000 -23.704000
0.000000 -23.665000
0.000000 -23.626000
0.000000 -23.588000
0.000000 -23.549000
0.000000 -23.510000
0.000000 -23.471000
0.000000 -23.432000
0.000000 -23.393000
0.000000 -23.354000
0.000000 -23.315000
0.000000 -23.277000
0.000000 -23.238000
0.000000 -23.199000
0.000000 -23.160000
0.000000 -23.121000
0.000000 -23.082000
0.000000 -23.043000
0.000000 -23.005000
0.000000 -22.966000
0.000000 -22.927000
0.000000 -22.888000
0.000000 -22.849000
0.000000 -22.810000
0.000000 -22.771000
0.000000 -22.733000
0.000000 -22.694000
0.000000 -22.655000
0.000000 -22.616000
0.000000 -22.577000
0.000000 -22.538000
0.000000 -22.499000
0.000000 -22.460000
0.000000 -22.422000
0.000000 -22.383000
0.000000 -22.344000
0.000000 -22.305000
0.000000 -22.266000
0.000000 -22.227000
0.000000 -22.188000
0.000000 -22.150000
0.000000 -22.111000
0.000000 -22.072000
0.000000 -22.033000
0.000000 -21.994000
0.000000 -21.955000
0.000000 -21.916000
0.000000 -21.878000
0.000000 -21.839000
0.000000 -21.800000
0.000000 -21.761000
0.000000 -21.722000
0.000000 -21.683000
0.000000 -21.644000
0.000000 -21.606000
0.000000 -21.567000
0.000000 -21.528000
0.000000 -21.489000
0.000000 -21.450000
0.000000 -21.411000
0.000000 -21.372000
0.000000 -21.333000
0.000000 -21.295000
0.000000 -21.256000
0.000000 -21.217000
0.000000 -21.178000
0.000000 -21.139000
0.000000 -21.100000
0.000000 -21.061000
0.000000 -21.023000
0.000000 -20.984000
0.000000 -20.945000
0.000000 -20.906000
0.000000 -20.867000
0.000000 -20.828000
0.000000 -20.789000
0.000000 -20.751000
0.000000 -20.712000
0.000000 -20.673000
0.000000 -20.634000
0.000000 -20.595000
0.000000 -20.556000
0.000000 -20.517000
0.000000 -20.478000
0.000000 -20.440000
0.000000 -20.401000
0.000000 -20.362000
0.000000 -20.323000
0.000000 -20.284000
0.000000 -20.245000
0.000000 -20.206000
0.000000 -20.168000
0.000000 -20.129000
0.000000 -20.090000
0.000000 -20.051000
0.000000 -20.012000
0.000000 -19.973000
0.000000 -19.934000
0.000000 -19.896000
0.000000 -19.857000
0.000000 -19.818000
0.000000 -19.779000
0.000000 -19.740000
0.000000 -19.701000
0.000000 -19.662000
0.000000 -19.624000
0.000000 -19.585000
0.000000 -19.546000
0.000000 -19.507000
0.000000 -19.468000
0.000000 -19.429000
0.000000 -19.390000
0.000000 -19.351000
0.000000 -19.313000
0.000000 -19.274000
0.000000 -19.235000
0.000000 -19.196000
0.000000 -19.157000
0.000000 -19.118000
0.000000 -19.079000
0.000000 -19.041000
0.000000 -19.002000
0.000000 -18.963000
0.000000 -18.924000
0.000000 -18.885000
0.000000 -18.846000
0.000000 -18.807000
0.000000 -18.769000
0.000000 -18.730000
0.000000 -18.691000
0.000000 -18.652000
0.000000 -18.613000
0.000000 -18.574000
0.000000 -18.535000
0.000000 -18.496000
0.000000 -18.458000
0.000000 -18.419000
0.000000 -18.380000
0.000000 -18.341000
0.000000 -18.302000
0.000000 -18.263000
0.000000 -18.224000
0.000000 -18.186000
0.000000 -18.147000
0.000000 -18.108000
0.000000 -18.069000
0.000000 -18.030000
0.000000 -17.991000
0.000000 -17.952000
0.000000 -17.914000
0.000000 -17.875000
0.000000 -17.836000
0.000000 -17.797000
0.000000 -17.758000
0.000000 -17.719000
0.000000 -17.680000
0.000000 -17.642000
0.000000 -17.603000
0.000000 -17.564000
0.000000 -17.525000
0.000000 -17.486000
0.000000 -17.447000
0.000000 -17.408000
0.000000 -17.369000
0.000000 -17.331000
0.000000 -17.292000
0.000000 -17.253000
0.000000 -17.214000
0.000000 -17.175000
0.000000 -17.136000
0.000000 -17.097000
0.000000 -17.059000
0.000000 -17.020000
0.000000 -16.981000
0.000000 -16.942000
0.000000 -16.903000
0.000000 -16.864000
0.000000 -16.825000
0.000000 -16.787000
0.000000 -16.748000
0.000000 -16.709000
0.000000 -16.670000
0.000000 -16.631000
0.000000 -16.592000
0.000000 -16.553000
0.000000 -16.514000
0.000000 -16.476000
0.000000 -16.437000
0.000000 -16.398000
0.000000 -16.359000
0.000000 -16.320000
0.000000 -16.281000
0.000000 -16.242000
0.000000 -16.204000
0.000000 -16.165000
0.000000 -16.126000
0.000000 -16.087000
0.000000 -16.048000
0.000000 -16.009000
0.000000 -15.970000
0.000000 -15.932000
0.000000 -15.893000
0.000000 -15.854000
0.000000 -15.815000
0.000000 -15.776000
0.000000 -15.737000
0.000000 -15.698000
0.000000 -15.660000
0.000000 -15.621000
0.000000 -15.582000
0.000000 -15.543000
0.000000 -15.504000
0.000000 -15.465000
0.000000 -15.426000
0.000000 -15.387000
0.000000 -15.349000
0.000000 -15.310000
0.000000 -15.271000
0.000000 -15.232000
0.000000 -15.193000
0.000000 -15.154000
0.000000 -15.115000
0.000000 -15.077000
0.000000 -15.038000
0.000000 -14.999000
0.000000 -14.960000
0.000000 -14.921000
0.000000 -14.882000
0.000000 -14.843000
0.000000 -14.805000
0.000000 -14.766000
0.000000 -14.727000
0.000000 -14.688000
0.000000 -14.649000
0.000000 -14.610000
0.000000 -14.571000
0.000000 -14.533000
0.000000 -14.494000
0.000000 -14.455000
0.000000 -14.416000
0.000000 -14.377000
0.000000 -14.338000
0.000000 -14.299000
0.000000 -14.260000
0.000000 -14.222000
0.000000 -14.183000
0.000000 -14.144000
0.000000 -14.105000
0.000000 -14.066000
0.000000 -14.027000
0.000000 -13.988000
0.000000 -13.950000
0.000000 -13.911000
0.000000 -13.872000
0.000000 -13.833000
0.000000 -13.794000
0.000000 -13.755000
0.000000 -13.716000
0.000000 -13.678000
0.000000 -13.639000
0.000000 -13.600000
0.000000 -13.561000
0.000000 -13.522000
0.000000 -13.483000
0.000000 -13.444000
0.000000 -13.405000
0.000000 -13.367000
0.000000 -13.328000
0.000000 -13.289000
0.000000 -13.250000
0.000000 -13.211000
0.000000 -13.172000
0.000000 -13.133000
0.000000 -13.095000
0.000000 -13.056000
0.000000 -13.017000
0.000000 -12.978000
0.000000 -12.939000
0.000000 -12.900000
0.000000 -12.861000
0.000000 -12.823000
0.000000 -12.784000
0.000000 -12.745000
0.000000 -12.706000
0.000000 -12.667000
0.000000 -12.628000
0.000000 -12.589000
0.000000 -12.551000
0.000000 -12.512000
0.000000 -12.473000
0.000000 -12.434000
0.000000 -12.395000
0.000000 -12.356000
0.000000 -12.317000
0.000000 -12.278000
0.000000 -12.240000
0.000000 -12.201000
0.000000 -12.162000
0.000000 -12.123000
0.000000 -12.084000
0.000000 -12.045000
0.000000 -12.006000
0.000000 -11.968000
0.000000 -11.929000
0.000000 -11.890000
0.000000 -11.851000
0.000000 -11.812000
0.000000 -11.773000
0.000000 -11.734000
0.000000 -11.696000
0.000000 -11.657000
0.000000 -11.618000
0.000000 -11.579000
0.000000 -11.540000
0.000000 -11.501000
0.000000 -11.462000
0.000000 -11.423000
0.000000 -11.385000
0.000000 -11.346000
0.000000 -11.307000
0.000000 -11.268000
0.000000 -11.229000
0.000000 -11.190000
0.000000 -11.151000
0.000000 -11.113000
0.000000 -11.074000
0.000000 -11.035000
0.000000 -10.996000
0.000000 -10.957000
0.000000 -10.918000
0.000000 -10.879000
0.000000 -10.841000
0.000000 -10.802000
0.000000 -10.763000
0.000000 -10.724000
0.000000 -10.685000
0.000000 -10.646000
0.000000 -10.607000
0.000000 -10.569000
0.000000 -10.530000
0.000000 -10.491000
0.000000 -10.452000
0.000000 -10.413000
0.000000 -10.374000
0.000000 -10.335000
0.000000 -10.296000
0.000000 -10.258000
0.000000 -10.219000
0.000000 -10.180000
0.000000 -10.141000
0.000000 -10.102000
0.000000 -10.063000
0.000000 -10.024000
0.000000 -9.986000
0.000000 -9.947000
0.000000 -9.908000
0.000000 -9.869000
0.000000 -9.830000
0.000000 -9.791000
0.000000 -9.752000
0.000000 -9.714000
0.000000 -9.675000
0.000000 -9.636000
0.000000 -9.597000
0.000000 -9.558000
0.000000 -9.519000
0.000000 -9.480000
-0.001000 -9.441000
-0.002000 -9.403000
-0.003000 -9.364000
-0.006000 -9.325000
-0.008000 -9.286000
-0.010000 -9.247000
-0.008000 -9.208000
-0.001000 -9.169000
0.014000 -9.131000
0.042000 -9.092000
0.081000 -9.053000
0.129000 -9.014000
0.180000 -8.975000
0.228000 -8.936000
0.265000 -8.897000
0.285000 -8.859000
0.288000 -8.820000
0.274000 -8.781000
0.249000 -8.742000
0.216000 -8.703000
0.180000 -8.664000
0.145000 -8.625000
0.113000 -8.587000
0.086000 -8.548000
0.063000 -8.509000
0.045000 -8.470000
0.031000 -8.431000
0.020000 -8.392000
0.012000 -8.353000
0.005000 -8.314000
0.001000 -8.276000
0.000000 -8.237000
-0.001000 -8.198000
-0.002000 -8.159000
-0.001000 -8.120000
-0.001000 -8.081000
0.000000 -8.042000
0.000000 -8.004000
0.000000 -7.965000
0.000000 -7.926000
0.000000 -7.887000
0.000000 -7.848000
0.000000 -7.809000
0.000000 -7.770000
0.000000 -7.732000
0.000000 -7.693000
0.000000 -7.654000
0.000000 -7.615000
0.000000 -7.576000
0.000000 -7.537000
0.000000 -7.498000
0.000000 -7.459000
0.000000 -7.421000
0.000000 -7.382000
0.000000 -7.343000
0.000000 -7.304000
0.000000 -7.265000
0.000000 -7.226000
0.000000 -7.187000
0.000000 -7.149000
0.000000 -7.110000
0.000000 -7.071000
0.000000 -7.032000
0.000000 -6.993000
0.000000 -6.954000
0.000000 -6.915000
0.000000 -6.877000
0.000000 -6.838000
0.000000 -6.799000
0.000000 -6.760000
0.000000 -6.721000
0.000000 -6.682000
0.000000 -6.643000
0.000000 -6.605000
0.000000 -6.566000
0.000000 -6.527000
0.000000 -6.488000
0.000000 -6.449000
0.000000 -6.410000
0.000000 -6.371000
0.000000 -6.332000
0.000000 -6.294000
0.000000 -6.255000
0.000000 -6.216000
0.000000 -6.177000
0.000000 -6.138000
0.000000 -6.099000
0.000000 -6.060000
0.000000 -6.022000
0.000000 -5.983000
0.000000 -5.944000
0.000000 -5.905000
0.000000 -5.866000
0.000000 -5.827000
0.000000 -5.788000
0.000000 -5.750000
0.000000 -5.711000
0.000000 -5.672000
0.000000 -5.633000
0.000000 -5.594000
0.000000 -5.555000
0.000000 -5.516000
0.000000 -5.477000
0.000000 -5.439000
0.000000 -5.400000
0.000000 -5.361000
0.000000 -5.322000
0.000000 -5.283000
0.000000 -5.244000
0.000000 -5.205000
0.000000 -5.167000
0.000000 -5.128000
0.000000 -5.089000
0.000000 -5.050000
0.000000 -5.011000
0.000000 -4.972000
0.000000 -4.933000
0.000000 -4.895000
0.000000 -4.856000
0.000000 -4.817000
0.000000 -4.778000
0.000000 -4.739000
0.000000 -4.700000
0.000000 -4.661000
0.000000 -4.623000
0.000000 -4.584000
0.000000 -4.545000
0.000000 -4.506000
0.000000 -4.467000
0.000000 -4.428000
0.000000 -4.389000
0.000000 -4.350000
0.000000 -4.312000
0.000000 -4.273000
0.000000 -4.234000
0.000000 -4.195000
0.000000 -4.156000
0.000000 -4.117000
0.000000 -4.078000
0.000000 -4.040000
0.000000 -4.001000
0.000000 -3.962000
0.000000 -3.923000
0.000000 -3.884000
0.000000 -3.845000
0.000000 -3.806000
0.000000 -3.768000
0.000000 -3.729000
0.000000 -3.690000
0.000000 -3.651000
0.000000 -3.612000
0.000000 -3.573000
0.000000 -3.534000
0.000000 -3.496000
0.000000 -3.457000
0.000000 -3.418000
0.000000 -3.379000
0.000000 -3.340000
0.000000 -3.301000
0.000000 -3.262000
0.000000 -3.223000
0.000000 -3.185000
0.000000 -3.146000
0.000000 -3.107000
0.000000 -3.068000
0.000000 -3.029000
0.000000 -2.990000
0.000000 -2.951000
0.000000 -2.913000
0.000000 -2.874000
0.000000 -2.835000
0.000000 -2.796000
0.000000 -2.757000
0.000000 -2.718000
-0.001000 -2.679000
-0.002000 -2.641000
-0.003000 -2.602000
-0.003000 -2.563000
-0.003000 -2.524000
-0.002000 -2.485000
0.000000 -2.446000
0.007000 -2.407000
0.018000 -2.368000
0.036000 -2.330000
0.062000 -2.291000
0.097000 -2.252000
0.139000 -2.213000
0.188000 -2.174000
0.240000 -2.135000
0.291000 -2.096000
0.337000 -2.058000
0.371000 -2.019000
0.391000 -1.980000
0.394000 -1.941000
0.383000 -1.902000
0.363000 -1.863000
0.343000 -1.824000
0.333000 -1.786000
0.342000 -1.747000
0.376000 -1.708000
0.436000 -1.669000
0.518000 -1.630000
0.610000 -1.591000
0.700000 -1.552000
0.770000 -1.514000
0.808000 -1.475000
0.805000 -1.436000
0.764000 -1.397000
0.692000 -1.358000
0.606000 -1.319000
0.530000 -1.280000
0.488000 -1.241000
0.505000 -1.203000
0.598000 -1.164000
0.778000 -1.125000
1.040000 -1.086000
1.367000 -1.047000
1.723000 -1.008000
2.065000 -0.969000
2.350000 -0.931000
2.543000 -0.892000
2.627000 -0.853000
2.610000 -0.814000
2.517000 -0.775000
2.384000 -0.736000
2.244000 -0.697000
2.115000 -0.659000
1.999000 -0.620000
1.881000 -0.581000
1.740000 -0.542000
1.561000 -0.503000
1.341000 -0.464000
1.105000 -0.425000
0.895000 -0.386000
0.769000 -0.348000
0.781000 -0.309000
0.954000 -0.270000
1.272000 -0.231000
1.671000 -0.192000
2.059000 -0.153000
2.340000 -0.114000
2.446000 -0.076000
2.357000 -0.037000
2.104000 0.001000
1.753000 0.040000
1.388000 0.079000
1.086000 0.118000
0.890000 0.157000
0.808000 0.195000
0.812000 0.234000
0.862000 0.273000
0.921000 0.312000
0.975000 0.351000
1.030000 0.390000
1.107000 0.429000
1.219000 0.467000
1.363000 0.506000
1.513000 0.545000
1.628000 0.584000
1.674000 0.623000
1.642000 0.662000
1.558000 0.701000
1.474000 0.740000
1.445000 0.778000
1.499000 0.817000
1.626000 0.856000
1.778000 0.895000
1.890000 0.934000
1.905000 0.973000
1.794000 1.012000
1.567000 1.050000
1.272000 1.089000
0.978000 1.128000
0.754000 1.167000
0.650000 1.206000
0.672000 1.245000
0.791000 1.284000
0.952000 1.322000
1.098000 1.361000
1.188000 1.400000
1.207000 1.439000
1.163000 1.478000
1.078000 1.517000
0.983000 1.556000
0.905000 1.595000
0.872000 1.633000
0.896000 1.672000
0.974000 1.711000
1.076000 1.750000
1.153000 1.789000
1.157000 1.828000
1.058000 1.867000
0.869000 1.905000
0.639000 1.944000
0.447000 1.983000
0.367000 2.022000
0.446000 2.061000
0.682000 2.100000
1.023000 2.139000
1.379000 2.177000
1.653000 2.216000
1.775000 2.255000
1.724000 2.294000
1.532000 2.333000
1.269000 2.372000
1.014000 2.411000
0.828000 2.449000
0.732000 2.488000
0.718000 2.527000
0.756000 2.566000
0.812000 2.605000
0.861000 2.644000
0.887000 2.683000
0.884000 2.722000
0.854000 2.760000
0.805000 2.799000
0.753000 2.838000
0.714000 2.877000
0.699000 2.916000
0.709000 2.955000
0.733000 2.994000
0.756000 3.032000
0.765000 3.071000
0.757000 3.110000
0.737000 3.149000
0.716000 3.188000
0.699000 3.227000
0.688000 3.266000
0.682000 3.304000
0.673000 3.343000
0.659000 3.382000
0.641000 3.421000
0.623000 3.460000
0.609000 3.499000
0.602000 3.538000
0.600000 3.577000
0.595000 3.615000
0.585000 3.654000
0.567000 3.693000
0.548000 3.732000
0.535000 3.771000
0.539000 3.810000
0.568000 3.849000
0.624000 3.887000
0.702000 3.926000
0.794000 3.965000
0.886000 4.004000
0.967000 4.043000
1.024000 4.082000
1.050000 4.121000
1.045000 4.159000
1.016000 4.198000
0.979000 4.237000
0.951000 4.276000
0.952000 4.315000
0.996000 4.354000
1.089000 4.393000
1.228000 4.431000
1.396000 4.470000
1.568000 4.509000
1.716000 4.548000
1.813000 4.587000
1.844000 4.626000
1.807000 4.665000
1.713000 4.704000
1.581000 4.742000
1.435000 4.781000
1.290000 4.820000
1.163000 4.859000
1.068000 4.898000
1.022000 4.937000
1.045000 4.976000
1.154000 5.014000
1.353000 5.053000
1.630000 5.092000
1.946000 5.131000
2.251000 5.170000
2.492000 5.209000
2.636000 5.248000
2.673000 5.286000
2.626000 5.325000
2.533000 5.364000
2.435000 5.403000
2.364000 5.442000
2.333000 5.481000
2.348000 5.520000
2.404000 5.559000
2.497000 5.597000
2.620000 5.636000
2.765000 5.675000
2.922000 5.714000
3.076000 5.753000
3.210000 5.792000
3.310000 5.831000
3.358000 5.869000
3.340000 5.908000
3.248000 5.947000
3.084000 5.986000
2.864000 6.025000
2.614000 6.064000
2.357000 6.103000
2.111000 6.141000
1.883000 6.180000
1.677000 6.219000
1.497000 6.258000
1.353000 6.297000
1.259000 6.336000
1.224000 6.375000
1.240000 6.413000
1.289000 6.452000
1.342000 6.491000
1.376000 6.530000
1.376000 6.569000
1.345000 6.608000
1.295000 6.647000
1.244000 6.686000
1.206000 6.724000
1.193000 6.763000
1.204000 6.802000
1.229000 6.841000
1.253000 6.880000
1.257000 6.919000
1.230000 6.958000
1.169000 6.996000
1.084000 7.035000
0.988000 7.074000
0.893000 7.113000
0.811000 7.152000
0.743000 7.191000
0.691000 7.230000
0.653000 7.268000
0.632000 7.307000
0.629000 7.346000
0.647000 7.385000
0.683000 7.424000
0.732000 7.463000
0.784000 7.502000
0.831000 7.540000
0.866000 7.579000
0.888000 7.618000
0.901000 7.657000
0.915000 7.696000
0.933000 7.735000
0.958000 7.774000
0.989000 7.813000
1.020000 7.851000
1.048000 7.890000
1.066000 7.929000
1.075000 7.968000
1.073000 8.007000
1.062000 8.046000
1.045000 8.085000
1.024000 8.123000
1.003000 8.162000
0.985000 8.201000
0.972000 8.240000
0.964000 8.279000
0.956000 8.318000
0.944000 8.357000
0.921000 8.395000
0.883000 8.434000
0.831000 8.473000
0.768000 8.512000
0.701000 8.551000
0.639000 8.590000
0.588000 8.629000
0.556000 8.668000
0.543000 8.706000
0.545000 8.745000
0.555000 8.784000
0.559000 8.823000
0.547000 8.862000
0.509000 8.901000
0.444000 8.940000
0.359000 8.978000
0.265000 9.017000
0.173000 9.056000
0.096000 9.095000
0.039000 9.134000
0.004000 9.173000
-0.013000 9.212000
-0.018000 9.250000
-0.017000 9.289000
-0.012000 9.328000
-0.008000 9.367000
-0.004000 9.406000
-0.002000 9.445000
-0.001000 9.484000
0.000000 9.522000
0.000000 9.561000
0.000000 9.600000
0.000000 9.639000
0.000000 9.678000
0.000000 9.717000
0.000000 9.756000
0.000000 9.795000
0.000000 9.833000
0.000000 9.872000
0.000000 9.911000
0.000000 9.950000
0.000000 9.989000
0.000000 10.028000
0.000000 10.067000
0.000000 10.105000
0.000000 10.144000
0.000000 10.183000
0.000000 10.222000
0.000000 10.261000
0.000000 10.300000
0.000000 10.339000
0.000000 10.377000
0.000000 10.416000
0.000000 10.455000
0.000000 10.494000
0.000000 10.533000
0.000000 10.572000
0.000000 10.611000
0.000000 10.650000
0.000000 10.688000
0.000000 10.727000
0.000000 10.766000
0.000000 10.805000
0.000000 10.844000
0.000000 10.883000
0.000000 10.922000
0.000000 10.960000
0.000000 10.999000


# End of Property 2

# End of File