# Start of Integral
0.000000 27.824000
0.000000 27.785000
0.000000 27.746000
0.000000 27.707000
0.000000 27.668000
0.000000 27.629000
0.000000 27.590000
0.000000 27.552000
0.000000 27.513000
0.000000 27.474000
0.000000 27.435000
0.000000 27.396000
0.000000 27.357000
0.000000 27.318000
0.000000 27.279000
0.000000 27.241000
0.000000 27.202000
0.000000 27.163000
0.000000 27.124000
0.000000 27.085000
0.000000 27.046000
0.000000 27.007000
0.000000 26.969000
0.000000 26.930000
0.000000 26.891000
0.000000 26.852000
0.000000 26.813000
0.000000 26.774000
0.000000 26.735000
0.000000 26.697000
0.000000 26.658000
0.000000 26.619000
0.000000 26.580000
0.000000 26.541000
0.000000 26.502000
0.000000 26.463000
0.000000 26.424000
0.000000 26.386000
-0.002000 26.347000
-0.006000 26.308000
-0.015000 26.269000
-0.033000 26.230000
-0.064000 26.191000
-0.114000 26.152000
-0.179000 26.114000
-0.246000 26.075000
-0.278000 26.036000
-0.214000 25.997000
0.024000 25.958000
0.512000 25.919000
1.295000 25.880000
2.354000 25.842000
3.603000 25.803000
4.899000 25.764000
6.088000 25.725000
7.046000 25.686000
7.712000 25.647000
8.095000 25.608000
8.256000 25.570000
8.274000 25.531000
8.222000 25.492000
8.153000 25.453000
8.092000 25.414000
8.050000 25.375000
8.025000 25.336000
8.010000 25.297000
8.005000 25.259000
8.002000 25.220000
8.000000 25.181000
8.000000 25.142000
8.000000 25.103000
8.000000 25.064000
8.000000 25.025000
8.000000 24.987000
8.000000 24.948000
8.000000 24.909000
8.000000 24.870000
8.000000 24.831000
8.000000 24.792000
8.000000 24.753000
8.000000 24.715000
8.000000 24.676000
8.000000 24.637000
8.000000 24.598000
8.000000 24.559000
8.000000 24.520000
8.000000 24.481000
8.000000 24.442000
8.000000 24.404000
8.000000 24.365000
8.000000 24.326000
8.000000 24.287000
8.000000 24.248000
8.000000 24.209000
8.000000 24.170000
8.000000 24.132000
8.000000 24.093000
8.000000 24.054000
8.000000 24.015000
8.000000 23.976000
8.000000 23.937000
8.000000 23.898000
8.000000 23.860000
8.000000 23.821000
8.000000 23.782000
8.000000 23.743000
8.000000 23.704000
8.000000 23.665000
8.000000 23.626000
8.000000 23.588000
8.000000 23.549000
8.000000 23.510000
8.000000 23.471000
8.000000 23.432000
8.000000 23.393000
8.000000 23.354000
8.000000 23.315000
8.000000 23.277000
8.000000 23.238000
8.000000 23.199000
8.000000 23.160000
8.000000 23.121000
8.000000 23.082000
8.000000 23.043000
8.000000 23.005000
8.000000 22.966000
8.000000 22.927000
8.000000 22.888000
8.000000 22.849000
8.000000 22.810000
8.000000 22.771000
8.000000 22.733000
8.000000 22.694000
8.000000 22.655000
8.000000 22.616000
8.000000 22.577000
8.000000 22.538000
8.000000 22.499000
8.000000 22.460000
8.000000 22.422000
8.000000 22.383000
8.000000 22.344000
8.000000 22.305000
8.000000 22.266000
8.000000 22.227000
8.000000 22.188000
8.000000 22.150000
8.000000 22.111000
8.000000 22.072000
8.000000 22.033000
8.000000 21.994000
8.000000 21.955000
8.000000 21.916000
8.000000 21.878000
8.000000 21.839000
8.000000 21.800000
8.000000 21.761000
8.000000 21.722000
8.000000 21.683000
8.000000 21.644000
8.000000 21.606000
8.000000 21.567000
8.000000 21.528000
8.000000 21.489000
8.000000 21.450000
8.000000 21.411000
8.000000 21.372000
8.000000 21.333000
8.000000 21.295000
8.000000 21.256000
8.000000 21.217000
8.000000 21.178000
8.000000 21.139000
8.000000 21.100000
8.000000 21.061000
8.000000 21.023000
8.000000 20.984000
8.000000 20.945000
8.000000 20.906000
8.000000 20.867000
8.000000 20.828000
8.000000 20.789000
8.000000 20.751000
8.000000 20.712000
8.000000 20.673000
8.000000 20.634000
8.000000 20.595000
8.000000 20.556000
8.000000 20.517000
8.000000 20.478000
8.000000 20.440000
8.000000 20.401000
8.000000 20.362000
8.000000 20.323000
8.000000 20.284000
8.000000 20.245000
8.000000 20.206000
8.000000 20.168000
8.000000 20.129000
8.000000 20.090000
8.000000 20.051000
8.000000 20.012000
8.000000 19.973000
8.000000 19.934000
8.000000 19.896000
8.000000 19.857000
8.000000 19.818000
8.000000 19.779000
8.000000 19.740000
8.000000 19.701000
8.000000 19.662000
8.000000 19.624000
8.000000 19.585000
8.000000 19.546000
8.000000 19.507000
8.000000 19.468000
8.000000 19.429000
8.000000 19.390000
8.000000 19.351000
8.000000 19.313000
8.000000 19.274000
8.000000 19.235000
8.000000 19.196000
8.000000 19.157000
8.000000 19.118000
8.000000 19.079000
8.000000 19.041000
8.000000 19.002000
8.000000 18.963000
8.000000 18.924000
8.000000 18.885000
8.000000 18.846000
8.000000 18.807000
8.000000 18.769000
8.000000 18.730000
8.000000 18.691000
8.000000 18.652000
8.000000 18.613000
8.000000 18.574000
8.000000 18.535000
8.000000 18.496000
8.000000 18.458000
8.000000 18.419000
8.000000 18.380000
8.000000 18.341000
8.000000 18.302000
8.000000 18.263000
8.000000 18.224000
8.000000 18.186000
8.000000 18.147000
8.000000 18.108000
8.000000 18.069000
8.000000 18.030000
8.000000 17.991000
8.000000 17.952000
8.000000 17.914000
8.000000 17.875000
8.000000 17.836000
8.000000 17.797000
8.000000 17.758000
8.000000 17.719000
8.000000 17.680000
8.000000 17.642000
8.000000 17.603000
8.000000 17.564000
8.000000 17.525000
8.000000 17.486000
8.000000 17.447000
8.000000 17.408000
8.000000 17.369000
8.000000 17.331000
8.000000 17.292000
8.000000 17.253000
8.000000 17.214000
8.000000 17.175000
8.000000 17.136000
8.000000 17.097000
8.000000 17.059000
8.000000 17.020000
8.000000 16.981000
8.000000 16.942000
8.000000 16.903000
8.000000 16.864000
8.000000 16.825000
8.000000 16.787000
8.000000 16.748000
8.000000 16.709000
8.000000 16.670000
8.000000 16.631000
8.000000 16.592000
8.000000 16.553000
8.000000 16.514000
8.000000 16.476000
8.000000 16.437000
8.000000 16.398000
8.000000 16.359000
8.000000 16.320000
8.000000 16.281000
8.000000 16.242000
8.000000 16.204000
8.000000 16.165000
8.000000 16.126000
8.000000 16.087000
8.000000 16.048000
8.000000 16.009000
8.000000 15.970000
8.000000 15.932000
8.000000 15.893000
8.000000 15.854000
8.000000 15.815000
8.000000 15.776000
8.000000 15.737000
8.000000 15.698000
8.000000 15.660000
8.000000 15.621000
8.000000 15.582000
8.000000 15.543000
8.000000 15.504000
8.000000 15.465000
8.000000 15.426000
8.000000 15.387000
8.000000 15.349000
8.000000 15.310000
8.000000 15.271000
8.000000 15.232000
8.000000 15.193000
8.000000 15.154000
8.000000 15.115000
8.000000 15.077000
8.000000 15.038000
8.000000 14.999000
8.000000 14.960000
8.000000 14.921000
8.000000 14.882000
8.000000 14.843000
8.000000 14.805000
8.000000 14.766000
8.000000 14.727000
8.000000 14.688000
8.000000 14.649000
8.000000 14.610000
8.000000 14.571000
8.000000 14.533000
8.000000 14.494000
8.000000 14.455000
8.000000 14.416000
8.000000 14.377000
8.000000 14.338000
8.000000 14.299000
8.000000 14.260000
8.000000 14.222000
8.000000 14.183000
8.000000 14.144000
8.000000 14.105000
8.000000 14.066000
8.000000 14.027000
8.000000 13.988000
8.000000 13.950000
8.000000 13.911000
8.000000 13.872000
8.000000 13.833000
8.000000 13.794000
8.000000 13.755000
8.000000 13.716000
8.000000 13.678000
8.000000 13.639000
8.000000 13.600000
8.000000 13.561000
8.000000 13.522000
8.000000 13.483000
8.000000 13.444000
8.000000 13.405000
8.000000 13.367000
8.000000 13.328000
8.000000 13.289000
8.000000 13.250000
8.000000 13.211000
8.000000 13.172000
8.000000 13.133000
8.000000 13.095000
8.000000 13.056000
8.000000 13.017000
8.000000 12.978000
8.000000 12.939000
8.000000 12.900000
8.000000 12.861000
8.000000 12.823000
8.000000 12.784000
8.000000 12.745000
8.000000 12.706000
8.000000 12.667000
8.000000 12.628000
8.000000 12.589000
8.000000 12.551000
8.000000 12.512000
8.000000 12.473000
8.000000 12.434000
8.000000 12.395000
8.000000 12.356000
8.000000 12.317000
8.000000 12.278000
8.000000 12.240000
8.000000 12.201000
8.000000 12.162000
8.000000 12.123000
8.000000 12.084000
8.000000 12.045000
8.000000 12.006000
8.000000 11.968000
8.000000 11.929000
8.000000 11.890000
8.000000 11.851000
8.000000 11.812000
8.000000 11.773000
8.000000 11.734000
8.000000 11.696000
8.000000 11.657000
8.000000 11.618000
8.000000 11.579000
8.000000 11.540000
8.000000 11.501000
8.000000 11.462000
8.000000 11.423000
8.000000 11.385000
8.000000 11.346000
8.000000 11.307000
8.000000 11.268000
8.000000 11.229000
8.000000 11.190000
8.000000 11.151000
8.000000 11.113000
8.000000 11.074000
8.000000 11.035000
8.000000 10.996000
8.000000 10.957000
8.000000 10.918000
8.000000 10.879000
8.000000 10.841000
8.000000 10.802000
8.000000 10.763000
8.000000 10.724000
8.000000 10.685000
8.000000 10.646000
8.000000 10.607000
8.000000 10.569000
8.000000 10.530000
8.000000 10.491000
8.000000 10.452000
8.000000 10.413000
8.000000 10.374000
8.000000 10.335000
8.000000 10.296000
8.000000 10.258000
8.000000 10.219000
8.000000 10.180000
8.000000 10.141000
8.000000 10.102000
8.000000 10.063000
8.000000 10.024000
8.000000 9.986000
8.000000 9.947000
8.000000 9.908000
8.000000 9.869000
8.000000 9.830000
8.000000 9.791000
8.000000 9.752000
8.000000 9.714000
8.000000 9.675000
8.000000 9.636000
8.000000 9.597000
8.000000 9.558000
7.999000 9.519000
7.997000 9.480000
7.994000 9.441000
7.987000 9.403000
7.974000 9.364000
7.952000 9.325000
7.918000 9.286000
7.872000 9.247000
7.821000 9.208000
7.782000 9.169000
7.786000 9.131000
7.879000 9.092000
8.119000 9.053000
8.566000 9.014000
9.266000 8.975000
10.250000 8.936000
11.510000 8.897000
13.010000 8.859000
14.710000 8.820000
16.540000 8.781000
18.420000 8.742000
20.290000 8.703000
22.100000 8.664000
23.810000 8.625000
25.390000 8.587000
26.840000 8.548000
28.130000 8.509000
29.250000 8.470000
30.200000 8.431000
30.960000 8.392000
31.510000 8.353000
31.880000 8.314000
32.080000 8.276000
32.170000 8.237000
32.180000 8.198000
32.150000 8.159000
32.110000 8.120000
32.070000 8.081000
32.040000 8.042000
32.020000 8.004000
32.009000 7.965000
32.000000 7.926000
32.000000 7.887000
32.000000 7.848000
32.000000 7.809000
32.000000 7.770000
32.000000 7.732000
32.000000 7.693000
32.000000 7.654000
32.000000 7.615000
32.000000 7.576000
32.000000 7.537000
32.000000 7.498000
32.000000 7.459000
32.000000 7.421000
32.000000 7.382000
32.000000 7.343000
32.000000 7.304000
32.000000 7.265000
32.000000 7.226000
32.000000 7.187000
32.000000 7.149000
32.000000 7.110000
32.000000 7.071000
32.000000 7.032000
32.000000 6.993000
32.000000 6.954000
32.000000 6.915000
32.000000 6.877000
32.000000 6.838000
32.000000 6.799000
32.000000 6.760000
32.000000 6.721000
32.000000 6.682000
32.000000 6.643000
32.000000 6.605000
32.000000 6.566000
32.000000 6.527000
32.000000 6.488000
32.000000 6.449000
32.000000 6.410000
32.000000 6.371000
32.000000 6.332000
32.000000 6.294000
32.000000 6.255000
32.000000 6.216000
32.000000 6.177000
32.000000 6.138000
32.000000 6.099000
32.000000 6.060000
32.000000 6.022000
32.000000 5.983000
32.000000 5.944000
32.000000 5.905000
32.000000 5.866000
32.000000 5.827000
32.000000 5.788000
32.000000 5.750000
32.000000 5.711000
32.000000 5.672000
32.000000 5.633000
32.000000 5.594000
32.000000 5.555000
32.000000 5.516000
32.000000 5.477000
32.000000 5.439000
32.000000 5.400000
32.000000 5.361000
32.000000 5.322000
32.000000 5.283000
32.000000 5.244000
32.000000 5.205000
32.000000 5.167000
32.000000 5.128000
32.000000 5.089000
32.000000 5.050000
32.000000 5.011000
32.000000 4.972000
32.000000 4.933000
32.000000 4.895000
32.000000 4.856000
32.000000 4.817000
32.000000 4.778000
32.000000 4.739000
32.000000 4.700000
32.000000 4.661000
32.000000 4.623000
32.000000 4.584000
32.000000 4.545000
32.000000 4.506000
32.000000 4.467000
32.000000 4.428000
32.000000 4.389000
32.000000 4.350000
32.000000 4.312000
32.000000 4.273000
32.000000 4.234000
32.000000 4.195000
32.000000 4.156000
32.000000 4.117000
32.000000 4.078000
32.000000 4.040000
32.000000 4.001000
32.000000 3.962000
32.000000 3.923000
32.000000 3.884000
32.000000 3.845000
32.000000 3.806000
32.000000 3.768000
32.000000 3.729000
32.000000 3.690000
32.000000 3.651000
32.000000 3.612000
32.000000 3.573000
32.000000 3.534000
32.000000 3.496000
32.000000 3.457000
32.000000 3.418000
32.000000 3.379000
32.000000 3.340000
32.000000 3.301000
32.000000 3.262000
32.000000 3.223000
32.000000 3.185000
32.000000 3.146000
32.000000 3.107000
32.000000 3.068000
32.000000 3.029000
32.000000 2.990000
32.000000 2.951000
32.000000 2.913000
32.000000 2.874000
32.000000 2.835000
32.000000 2.796000
32.000000 2.757000
32.000000 2.718000
32.000000 2.679000
32.000000 2.641000
32.000000 2.602000
32.000000 2.563000
32.000000 2.524000
32.000000 2.485000
32.000000 2.446000
32.000000 2.407000
32.000000 2.368000
32.000000 2.330000
32.009000 2.291000
32.020000 2.252000
32.040000 2.213000
32.060000 2.174000
32.090000 2.135000
32.119000 2.096000
32.159000 2.058000
32.200000 2.019000
32.240000 1.980000
32.290000 1.941000
32.330000 1.902000
32.369000 1.863000
32.409000 1.824000
32.439000 1.786000
32.479000 1.747000
32.530000 1.708000
32.570000 1.669000
32.630000 1.630000
32.700000 1.591000
32.780000 1.552000
32.860000 1.514000
32.950000 1.475000
33.040000 1.436000
33.120000 1.397000
33.200000 1.358000
33.260000 1.319000
33.320000 1.280000
33.370000 1.241000
33.430000 1.203000
33.490000 1.164000
33.570000 1.125000
33.670000 1.086000
33.810000 1.047000
33.980000 1.008000
34.190000 0.969000
34.420000 0.931000
34.670000 0.892000
34.940000 0.853000
35.200000 0.814000
35.450000 0.775000
35.690000 0.736000
35.910000 0.697000
36.120000 0.659000
36.320000 0.620000
36.500000 0.581000
36.670000 0.542000
36.830000 0.503000
36.960000 0.464000
37.070000 0.425000
37.170000 0.386000
37.250000 0.348000
37.320000 0.309000
37.420000 0.270000
37.540000 0.231000
37.710000 0.192000
37.910000 0.153000
38.140000 0.114000
38.380000 0.076000
38.620000 0.037000
38.840000 -0.001000
39.020000 -0.040000
39.170000 -0.079000
39.280000 -0.118000
39.380000 -0.157000
39.460000 -0.195000
39.550000 -0.234000
39.640000 -0.273000
39.740000 -0.312000
39.840000 -0.351000
39.940000 -0.390000
40.050000 -0.429000
40.170000 -0.467000
40.300000 -0.506000
40.450000 -0.545000
40.610000 -0.584000
40.770000 -0.623000
40.930000 -0.662000
41.080000 -0.701000
41.230000 -0.740000
41.370000 -0.778000
41.530000 -0.817000
41.700000 -0.856000
41.880000 -0.895000
42.080000 -0.934000
42.280000 -0.973000
42.460000 -1.012000
42.620000 -1.050000
42.750000 -1.089000
42.850000 -1.128000
42.930000 -1.167000
42.990000 -1.206000
43.060000 -1.245000
43.130000 -1.284000
43.220000 -1.322000
43.330000 -1.361000
43.440000 -1.400000
43.560000 -1.439000
43.670000 -1.478000
43.770000 -1.517000
43.870000 -1.556000
43.950000 -1.595000
44.040000 -1.633000
44.130000 -1.672000
44.230000 -1.711000
44.340000 -1.750000
44.460000 -1.789000
44.590000 -1.828000
44.700000 -1.867000
44.790000 -1.905000
44.860000 -1.944000
44.910000 -1.983000
44.950000 -2.022000
45.000000 -2.061000
45.070000 -2.100000
45.180000 -2.139000
45.320000 -2.177000
45.490000 -2.216000
45.680000 -2.255000
45.860000 -2.294000
46.020000 -2.333000
46.160000 -2.372000
46.270000 -2.411000
46.360000 -2.449000
46.440000 -2.488000
46.520000 -2.527000
46.600000 -2.566000
46.690000 -2.605000
46.790000 -2.644000
46.890000 -2.683000
46.980000 -2.722000
47.080000 -2.760000
47.170000 -2.799000
47.250000 -2.838000
47.330000 -2.877000
47.410000 -2.916000
47.500000 -2.955000
47.590000 -2.994000
47.680000 -3.032000
47.770000 -3.071000
47.870000 -3.110000
47.960000 -3.149000
48.060000 -3.188000
48.150000 -3.227000
48.250000 -3.266000
48.340000 -3.304000
48.440000 -3.343000
48.540000 -3.382000
48.640000 -3.421000
48.730000 -3.460000
48.830000 -3.499000
48.920000 -3.538000
49.020000 -3.577000
49.110000 -3.615000
49.210000 -3.654000
49.300000 -3.693000
49.390000 -3.732000
49.480000 -3.771000
49.570000 -3.810000
49.670000 -3.849000
49.780000 -3.887000
49.900000 -3.926000
50.040000 -3.965000
50.200000 -4.004000
50.370000 -4.043000
50.550000 -4.082000
50.730000 -4.121000
50.920000 -4.159000
51.100000 -4.198000
51.270000 -4.237000
51.440000 -4.276000
51.610000 -4.315000
51.790000 -4.354000
51.990000 -4.393000
52.220000 -4.431000
52.480000 -4.470000
52.770000 -4.509000
53.080000 -4.548000
53.420000 -4.587000
53.760000 -4.626000
54.090000 -4.665000
54.400000 -4.704000
54.690000 -4.742000
54.960000 -4.781000
55.200000 -4.820000
55.420000 -4.859000
55.630000 -4.898000
55.830000 -4.937000
56.030000 -4.976000
56.250000 -5.014000
56.500000 -5.053000
56.800000 -5.092000
57.160000 -5.131000
57.570000 -5.170000
58.030000 -5.209000
58.530000 -5.248000
59.040000 -5.286000
59.550000 -5.325000
60.050000 -5.364000
60.540000 -5.403000
61.020000 -5.442000
61.500000 -5.481000
62.000000 -5.520000
62.510000 -5.559000
63.060000 -5.597000
63.630000 -5.636000
64.250000 -5.675000
64.910000 -5.714000
65.610000 -5.753000
66.340000 -5.792000
67.100000 -5.831000
67.860000 -5.869000
68.630000 -5.908000
69.380000 -5.947000
70.100000 -5.986000
70.780000 -6.025000
71.420000 -6.064000
72.010000 -6.103000
72.540000 -6.141000
73.030000 -6.180000
73.470000 -6.219000
73.860000 -6.258000
74.220000 -6.297000
74.560000 -6.336000
74.890000 -6.375000
75.240000 -6.413000
75.610000 -6.452000
76.010000 -6.491000
76.430000 -6.530000
76.850000 -6.569000
77.270000 -6.608000
77.680000 -6.647000
78.080000 -6.686000
78.480000 -6.724000
78.890000 -6.763000
79.330000 -6.802000
79.790000 -6.841000
80.290000 -6.880000
80.810000 -6.919000
81.360000 -6.958000
81.900000 -6.996000
82.450000 -7.035000
83.000000 -7.074000
83.550000 -7.113000
84.110000 -7.152000
84.680000 -7.191000
85.270000 -7.230000
85.870000 -7.268000
86.500000 -7.307000
87.170000 -7.346000
87.880000 -7.385000
88.660000 -7.424000
89.530000 -7.463000
90.490000 -7.502000
91.530000 -7.540000
92.650000 -7.579000
93.790000 -7.618000
94.950000 -7.657000
96.070000 -7.696000
97.160000 -7.735000
98.200000 -7.774000
99.180000 -7.813000
100.100000 -7.851000
101.000000 -7.890000
101.900000 -7.929000
102.800000 -7.968000
103.700000 -8.007000
104.500000 -8.046000
105.400000 -8.085000
106.200000 -8.123000
107.000000 -8.162000
107.800000 -8.201000
108.600000 -8.240000
109.400000 -8.279000
110.200000 -8.318000
111.000000 -8.357000
111.800000 -8.395000
112.600000 -8.434000
113.400000 -8.473000
114.200000 -8.512000
114.900000 -8.551000
115.600000 -8.590000
116.400000 -8.629000
117.200000 -8.668000
118.200000 -8.706000
119.600000 -8.745000
121.300000 -8.784000
123.400000 -8.823000
126.000000 -8.862000
128.800000 -8.901000
131.700000 -8.940000
134.400000 -8.978000
136.700000 -9.017000
138.500000 -9.056000
139.600000 -9.095000
140.300000 -9.134000
140.500000 -9.173000
140.500000 -9.212000
140.400000 -9.250000
140.300000 -9.289000
140.200000 -9.328000
140.100000 -9.367000
140.000000 -9.406000
140.000000 -9.445000
140.000000 -9.484000
140.000000 -9.522000
140.000000 -9.561000
140.000000 -9.600000
140.000000 -9.639000
140.000000 -9.678000
140.000000 -9.717000
140.000000 -9.756000
140.000000 -9.795000
140.000000 -9.833000
140.000000 -9.872000
140.000000 -9.911000
140.000000 -9.950000
140.000000 -9.989000
140.000000 -10.028000
140.000000 -10.067000
140.000000 -10.105000
140.000000 -10.144000
140.000000 -10.183000
140.000000 -10.222000
140.000000 -10.261000
140.000000 -10.300000
140.000000 -10.339000
140.000000 -10.377000
140.000000 -10.416000
140.000000 -10.455000
140.000000 -10.494000
140.000000 -10.533000
140.000000 -10.572000
140.000000 -10.611000
140.000000 -10.650000
140.000000 -10.688000
140.000000 -10.727000
140.000000 -10.766000
140.000000 -10.805000
140.000000 -10.844000
140.000000 -10.883000
140.000000 -10.922000
140.000000 -10.960000
140.000000 -10.999000

# End of Integral


# End of Property 1

# Start of Property 1


# End of Property 2

# End of File